Date,Open,Close,Volume,Return,Bench_Bal,Bench_Peak,Bench_DD,Fast_MA,Slow_MA,Avg_Volume_10D,Long,Sys_Ret,Sys_Bal,Sys_Peak,Sys_DD,Symbol,Long_Condition,Sell_Condition,New_Sell_Condition
2020-07-07,153.25,151.39999389648438,37001,,,,,,,,False,1.0,1000000.0,1000000.0,0.0,GICRE.BO,False,False,False
2020-07-08,153.0,160.9499969482422,215142,1.0630779619336534,1063077.9619336533,1063077.9619336533,0.0,,,,False,1.0,1000000.0,1000000.0,0.0,GICRE.BO,False,False,False
2020-07-09,163.4499969482422,158.85000610351562,160585,0.9869525263464163,1049207.4802336188,1063077.9619336533,-13870.48170003458,,,,False,1.0,1000000.0,1000000.0,0.0,GICRE.BO,False,False,False
2020-07-10,155.3000030517578,155.0500030517578,20934,0.9760780427714839,1024108.3837676308,1063077.9619336533,-38969.57816602255,,,,False,1.0,1000000.0,1000000.0,0.0,GICRE.BO,False,False,False
2020-07-13,156.0,153.0500030517578,15910,0.987100935436084,1010898.3436049646,1063077.9619336533,-52179.61832868878,,,,False,1.0,1000000.0,1000000.0,0.0,GICRE.BO,False,False,False
2020-07-14,153.0,152.3000030517578,43217,0.9950996407380249,1005944.5785439647,1063077.9619336533,-57133.38338968868,,,,False,1.0,1000000.0,1000000.0,0.0,GICRE.BO,False,False,False
2020-07-15,153.75,148.39999389648438,26267,0.9743925864929363,980184.9397560004,1063077.9619336533,-82893.02217765292,,,,False,1.0,1000000.0,1000000.0,0.0,GICRE.BO,False,False,False
2020-07-16,150.85000610351562,146.10000610351562,22537,0.98450142932908,964993.4741966206,1063077.9619336533,-98084.4877370327,,,,False,1.0,1000000.0,1000000.0,0.0,GICRE.BO,False,False,False
2020-07-17,146.75,147.14999389648438,15278,1.0071867744634098,971928.664654334,1063077.9619336533,-91149.29727931938,,,,False,1.0,1000000.0,1000000.0,0.0,GICRE.BO,False,False,False
2020-07-20,145.1999969482422,161.85000610351562,183642,1.0998981503007894,1069022.540477618,1069022.540477618,0.0,,,74051.3,False,1.0,1000000.0,1000000.0,0.0,GICRE.BO,False,False,False
2020-07-21,168.0,158.1999969482422,149466,0.9774481988407281,1044914.1567099871,1069022.540477618,-24108.38376763102,,,85297.8,False,1.0,1000000.0,1000000.0,0.0,GICRE.BO,False,False,False
2020-07-22,154.0,153.89999389648438,28892,0.9728191963672121,1016512.5502033328,1069022.540477618,-52509.990274285316,,,66672.8,False,1.0,1000000.0,1000000.0,0.0,GICRE.BO,False,False,False
2020-07-23,154.6999969482422,155.60000610351562,44749,1.0110462136091747,1027741.1649692856,1069022.540477618,-41281.37550833251,154.06153869628906,,55089.2,False,1.0,1000000.0,1000000.0,0.0,GICRE.BO,False,False,False
2020-07-24,159.85000610351562,153.35000610351562,14606,0.9855398463255641,1012879.8697862859,1069022.540477618,-56142.6706913322,154.21153963529147,,54456.4,False,1.0,1000000.0,1000000.0,0.0,GICRE.BO,False,False,False
2020-07-27,153.25,148.8000030517578,32482,0.9703292933116258,982827.0082592984,1069022.540477618,-86195.53221831971,153.27692472017728,,56113.6,False,1.0,1000000.0,1000000.0,0.0,GICRE.BO,False,False,False
2020-07-28,152.4499969482422,146.8000030517578,23869,0.9865591400606065,969616.968096632,1069022.540477618,-99405.57238098606,152.3500014085036,,54178.8,False,1.0,1000000.0,1000000.0,0.0,GICRE.BO,False,False,False
2020-07-29,148.1999969482422,147.25,26593,1.0030653742431022,972589.2069763102,1069022.540477618,-96433.33350130788,151.750001173753,,54211.4,False,1.0,1000000.0,1000000.0,0.0,GICRE.BO,False,False,False
2020-07-30,146.5,144.9499969482422,22891,0.9843802848777059,957397.6406323224,1069022.540477618,-111624.8998452957,151.12692378117487,,54246.8,False,1.0,1000000.0,1000000.0,0.0,GICRE.BO,False,False,False
2020-07-31,146.14999389648438,143.75,29201,0.9917213040806708,949471.6366916441,1069022.540477618,-119550.90378597402,150.46923123873196,,55639.1,False,1.0,1000000.0,1000000.0,0.0,GICRE.BO,False,False,False
2020-08-03,144.25,143.89999389648438,9919,1.0010434358016305,950462.3493900008,1069022.540477618,-118560.1910876173,150.12307739257812,,38266.8,False,1.0,1000000.0,1000000.0,0.0,GICRE.BO,False,False,False
2020-08-04,144.1999969482422,142.4499969482422,15148,0.989923578806506,940885.0904289894,1069022.540477618,-128137.45004862873,149.8423074575571,,24835.0,False,1.0,1000000.0,1000000.0,0.0,GICRE.BO,False,False,False
2020-08-05,144.89999389648438,143.14999389648438,10011,1.0049139835959178,945508.5843290011,1069022.540477618,-123513.95614861697,149.53461514986478,,22946.9,False,1.0,1000000.0,1000000.0,0.0,GICRE.BO,False,False,False
2020-08-06,144.89999389648438,140.89999389648438,21435,0.9842822207758735,930647.2891460013,1069022.540477618,-138375.25133161678,147.9230757493239,,20615.5,False,1.0,1000000.0,1000000.0,0.0,GICRE.BO,False,False,False
2020-08-07,140.0500030517578,140.89999389648438,137365,1.0,930647.2891460013,1069022.540477618,-138375.25133161678,146.59230628380408,,32891.4,False,1.0,1000000.0,1000000.0,0.0,GICRE.BO,False,False,False
2020-08-10,140.39999389648438,149.4499969482422,88994,1.0606813585672636,987120.2309983218,1069022.540477618,-81902.30947929632,146.249998826247,,38542.6,False,1.0,1000000.0,1000000.0,0.0,GICRE.BO,False,False,False
2020-08-11,152.4499969482422,147.60000610351562,33468,0.9876213390264086,974901.0043186203,1069022.540477618,-94121.5361589978,145.63461421086237,,39502.5,False,1.0,1000000.0,1000000.0,0.0,GICRE.BO,False,False,False
2020-08-12,147.0,142.89999389648438,58149,0.968157100185111,943857.3293086679,1069022.540477618,-125165.21116895019,144.83076711801382,,42658.1,False,1.0,1000000.0,1000000.0,0.0,GICRE.BO,False,False,False
2020-08-13,146.0,141.9499969482422,242294,0.9933520154736301,937582.580388323,1069022.540477618,-131439.96008929505,144.30384357158954,,64598.4,False,1.0,1000000.0,1000000.0,0.0,GICRE.BO,False,False,False
2020-08-14,141.5,141.9499969482422,49481,1.0,937582.580388323,1069022.540477618,-131439.96008929505,143.9307661790114,,66626.4,False,1.0,1000000.0,1000000.0,0.0,GICRE.BO,False,False,False
2020-08-17,143.14999389648438,140.89999389648438,264863,0.9926030075777975,930647.2891460016,1069022.540477618,-138375.25133161654,143.44230417104868,,92120.8,False,1.0,1000000.0,1000000.0,0.0,GICRE.BO,False,False,False
2020-08-18,142.39999389648438,140.8000030517578,16683,0.9992903417384104,929986.8476086331,1069022.540477618,-139035.692868985,143.12307387131912,,92274.3,False,1.0,1000000.0,1000000.0,0.0,GICRE.BO,False,False,False
2020-08-19,141.64999389648438,145.5500030517578,44904,1.0337357947233419,961360.6929949658,1069022.540477618,-107661.84748265229,143.26153564453125,,95763.6,False,1.0,1000000.0,1000000.0,0.0,GICRE.BO,False,False,False
2020-08-20,143.89999389648438,143.3000030517578,27919,0.9845413950338435,946499.3978119662,1069022.540477618,-122523.14266565186,143.2153825026292,,96412.0,False,1.0,1000000.0,1000000.0,0.0,GICRE.BO,False,False,False
2020-08-21,146.10000610351562,145.5500030517578,22024,1.015701325555362,961360.6929949659,1069022.540477618,-107661.84748265217,143.45384451059195,148.20441122616037,84877.9,False,1.0,1000000.0,1000000.0,0.0,GICRE.BO,False,True,False
2020-08-24,145.0,151.8000030517578,330354,1.0429405693504348,1002642.0685032984,1069022.540477618,-66380.47197431966,144.11922983022836,148.21617620131548,109013.9,False,1.0,1000000.0,1000000.0,0.0,GICRE.BO,False,True,False
2020-08-25,152.5,149.5,39581,0.9848484650492819,987450.5021593104,1069022.540477618,-81572.03831830772,144.78076876126804,147.87941158519072,109625.2,False,1.0,1000000.0,1000000.0,0.0,GICRE.BO,False,True,False
2020-08-26,152.89999389648438,153.25,65072,1.0250836120401339,1012219.3274643099,1069022.540477618,-56803.21301330824,145.73076923076923,147.7147055233226,110317.5,False,1.0,1000000.0,1000000.0,0.0,GICRE.BO,False,True,False
2020-08-27,155.89999389648438,157.4499969482422,120329,1.0274061791076163,1039960.3916489877,1069022.540477618,-29062.148828630452,146.34615384615384,147.78529357910156,98121.0,False,1.0,1000000.0,1000000.0,0.0,GICRE.BO,False,True,False
2020-08-28,159.25,154.4499969482422,132367,0.9809463317996369,1020145.3314049882,1069022.540477618,-48877.20907262992,146.87307621882513,147.82646987017463,106409.6,False,1.0,1000000.0,1000000.0,0.0,GICRE.BO,False,True,False
2020-08-31,152.14999389648438,146.89999389648438,35536,0.9511168455750252,970277.409634001,1069022.540477618,-98745.13084361714,147.18076852651743,147.6676460714901,83476.9,False,1.0,1000000.0,1000000.0,0.0,GICRE.BO,False,True,False
2020-09-01,147.3000030517578,146.89999389648438,34932,1.0,970277.409634001,1069022.540477618,-98745.13084361714,147.56153752253607,147.6235284244313,85301.8,False,1.0,1000000.0,1000000.0,0.0,GICRE.BO,False,True,False
2020-09-02,144.14999389648438,147.9499969482422,15118,1.0071477406084695,977212.7008763225,1069022.540477618,-91809.83960129565,148.02307598407452,147.67793991986443,82323.2,False,1.0,1000000.0,1000000.0,0.0,GICRE.BO,True,False,False
2020-09-03,146.5500030517578,147.4499969482422,7967,0.9966204798221462,973910.190835656,1069022.540477618,-95112.3496419621,148.52692237267127,147.6867635390338,80328.0,False,1.0,1000000.0,1000000.0,0.0,GICRE.BO,True,False,False
2020-09-04,145.0,144.3000030517578,32394,0.9786368669943745,953104.4178932997,1069022.540477618,-115918.1225843184,148.79615314190204,147.17058697868796,81365.0,False,1.0,1000000.0,1000000.0,0.0,GICRE.BO,True,False,False
2020-09-07,145.0,144.89999389648438,28806,1.0041579406239607,957067.3694713346,1069022.540477618,-111955.17100628349,148.74615243765024,146.77941041834214,51210.2,False,1.0,1000000.0,1000000.0,0.0,GICRE.BO,True,False,False
2020-09-08,142.14999389648438,138.85000610351562,31301,0.9582471494285167,917107.0786069554,1069022.540477618,-151915.46187066275,148.40384498009314,146.33676371854895,50382.2,False,1.0,1000000.0,1000000.0,0.0,GICRE.BO,True,False,False
2020-09-09,136.64999389648438,133.64999389648438,46276,0.9625494275948787,882760.8935563364,1069022.540477618,-186261.6469212817,147.48845966045673,145.6911751242245,48502.6,False,1.0,1000000.0,1000000.0,0.0,GICRE.BO,True,False,False
2020-09-10,135.0,136.5500030517578,16454,1.0216985356356962,901915.5122629676,1069022.540477618,-167107.02821465046,146.31538273737982,145.19705738740808,38115.1,False,1.0,1000000.0,1000000.0,0.0,GICRE.BO,True,False,False
2020-09-11,137.0,134.64999389648438,35569,0.9860856161639685,889365.9136376698,1069022.540477618,-179656.62683994835,145.17307457557092,144.7808806475471,28435.3,True,1.0,1000000.0,1000000.0,0.0,GICRE.BO,True,False,False
2020-09-14,135.10000610351562,134.14999389648438,33036,0.9962866689739,886063.4035970031,1069022.540477618,-182959.13688061503,143.70384333683893,144.40882155474495,28185.3,False,1.0,1000000.0,1000000.0,0.0,GICRE.BO,False,True,False
2020-09-15,134.0,133.5500030517578,24891,0.9955274627504677,882100.4520189681,1069022.540477618,-186922.08845865005,141.8653822678786,144.00588046803193,27181.2,False,1.0,1000000.0,1000000.0,0.0,GICRE.BO,False,True,False
2020-09-16,134.64999389648438,133.89999389648438,6722,1.0026206726823579,884412.1485766697,1069022.540477618,-184610.39190094837,140.28461280235877,143.68088037827437,26341.6,False,1.0,1000000.0,1000000.0,0.0,GICRE.BO,False,True,False
2020-09-17,134.0,133.10000610351562,17198,0.9940254829765922,879128.2131392898,1069022.540477618,-189894.32733832835,139.22307527982272,143.36764526367188,27264.7,False,1.0,1000000.0,1000000.0,0.0,GICRE.BO,False,True,False
2020-09-18,134.4499969482422,129.14999389648438,42287,0.9703229750120431,853038.3031903373,1069022.540477618,-215984.23728728085,137.8576906644381,142.9338217342601,28254.0,False,1.0,1000000.0,1000000.0,0.0,GICRE.BO,False,True,False
2020-09-21,129.60000610351562,125.05000305175781,38908,0.9682540376423652,825957.7813276361,1069022.540477618,-243064.759149982,136.09615267240085,142.42205720789292,29264.2,False,1.0,1000000.0,1000000.0,0.0,GICRE.BO,False,True,False
2020-09-22,126.0,122.3499984741211,40062,0.9784086004658537,808124.196872654,1069022.540477618,-260898.3436049641,134.1653835590069,141.81029263664695,30140.3,False,1.0,1000000.0,1000000.0,0.0,GICRE.BO,False,True,False
2020-09-23,128.8000030517578,122.05000305175781,7556,0.9975480553648987,806142.7210836365,1069022.540477618,-262879.8193939816,132.45384509746845,141.25588114121382,26268.3,False,1.0,1000000.0,1000000.0,0.0,GICRE.BO,False,True,False
2020-09-24,120.05000305175781,121.1500015258789,26856,0.9926259606442022,800198.1929319758,1069022.540477618,-268824.3475456423,130.62692260742188,140.6749990126666,27308.5,False,1.0,1000000.0,1000000.0,0.0,GICRE.BO,False,True,False
2020-09-25,120.0,124.25,15965,1.0255881009911412,820673.7451056478,1069022.540477618,-248348.79537197028,129.50384521484375,139.93382263183594,25348.1,False,1.0,1000000.0,1000000.0,0.0,GICRE.BO,False,True,False
2020-09-28,125.0,125.5,22368,1.0100603621730382,828930.0202073143,1069022.540477618,-240092.52027030382,128.87692260742188,139.28382245232078,24281.3,False,1.0,1000000.0,1000000.0,0.0,GICRE.BO,False,True,False
2020-09-29,125.80000305175781,122.9000015258789,17121,0.979282880684294,811756.9780743088,1069022.540477618,-257265.56240330928,127.82692249004657,138.69558738259707,23504.3,False,1.0,1000000.0,1000000.0,0.0,GICRE.BO,False,True,False
2020-09-30,122.05000305175781,121.05000305175781,13729,0.9849471240752463,799537.7010023033,1069022.540477618,-269484.83947531483,126.78076934814453,138.0808816797593,24205.0,False,1.0,1000000.0,1000000.0,0.0,GICRE.BO,False,True,False
2020-10-01,123.3499984741211,121.9000015258789,13568,1.0070218789978689,805151.9579929757,1069022.540477618,-263870.5824846424,125.83846224271335,137.49117593204275,23842.0,False,1.0,1000000.0,1000000.0,0.0,GICRE.BO,False,True,False
2020-10-05,124.0,126.69999694824219,27290,1.0393765001007342,836856.0241479924,1069022.540477618,-232166.51632962574,125.31153869628906,137.07352896297678,22342.3,False,1.0,1000000.0,1000000.0,0.0,GICRE.BO,False,True,False
2020-10-06,128.0,125.5999984741211,28664,0.9913180860251287,829590.5121369867,1069022.540477618,-239432.0283406314,124.67307750995343,136.626470004811,21317.9,False,1.0,1000000.0,1000000.0,0.0,GICRE.BO,False,True,False
2020-10-07,125.44999694824219,124.05000305175781,5773,0.987659271965018,819352.7612463027,1069022.540477618,-249669.77923131536,123.97692342904898,135.99411706363455,17889.0,False,1.0,1000000.0,1000000.0,0.0,GICRE.BO,False,True,False
2020-10-08,125.25,122.05000305175781,7953,0.9838774691592266,806142.7210836364,1069022.540477618,-262879.8193939817,123.43077028714694,135.36911706363455,17928.7,False,1.0,1000000.0,1000000.0,0.0,GICRE.BO,False,True,False
2020-10-09,122.3499984741211,121.6500015258789,9030,0.9967226422296009,803500.7029726423,1069022.540477618,-265521.83750497585,123.16923170823317,134.66617584228516,16146.1,False,1.0,1000000.0,1000000.0,0.0,GICRE.BO,False,True,False
2020-10-12,123.3499984741211,122.4000015258789,5838,1.0061652280361086,808454.4680336423,1069022.540477618,-260568.07244397583,123.17307809682993,133.80146991505342,15133.4,False,1.0,1000000.0,1000000.0,0.0,GICRE.BO,False,True,False
2020-10-13,122.4000015258789,121.80000305175781,8976,0.9950980517431265,804491.4660633032,1069022.540477618,-264531.07441431493,123.15384732759915,132.98676412245806,13794.2,False,1.0,1000000.0,1000000.0,0.0,GICRE.BO,False,True,False
2020-10-14,123.69999694824219,121.6500015258789,8866,0.9987684604095193,803500.7029726423,1069022.540477618,-265521.83750497585,123.1923088660607,132.05735240263098,12968.7,False,1.0,1000000.0,1000000.0,0.0,GICRE.BO,False,True,False
2020-10-15,122.1500015258789,119.5999984741211,15484,0.9831483516149261,789960.3916489877,1069022.540477618,-279062.14882863045,122.83461644099309,130.9441171533921,13144.2,False,1.0,1000000.0,1000000.0,0.0,GICRE.BO,False,True,False
2020-10-16,121.94999694824219,119.0,9207,0.994983290286154,785997.3896786487,1069022.540477618,-283025.15079896944,122.33461644099309,129.90147018432617,12708.1,False,1.0,1000000.0,1000000.0,0.0,GICRE.BO,False,True,False
2020-10-19,118.25,126.0999984741211,13350,1.0596638527237068,832893.0221776535,1069022.540477618,-236129.5182999646,122.58077005239633,129.2897056130802,11314.1,False,1.0,1000000.0,1000000.0,0.0,GICRE.BO,False,True,False
2020-10-20,126.5999984741211,123.30000305175781,29680,0.9777954365087648,814398.996185303,1069022.540477618,-254623.54429231514,122.75384697547325,128.59558823529412,11415.7,False,1.0,1000000.0,1000000.0,0.0,GICRE.BO,False,True,False
2020-10-21,123.44999694824219,121.94999694824219,8105,0.9890510456601617,805482.17876166,1069022.540477618,-263540.3617159581,122.75769277719351,127.83088235294117,11648.9,False,1.0,1000000.0,1000000.0,0.0,GICRE.BO,False,True,False
2020-10-22,121.69999694824219,120.75,8650,0.9901599263774358,797556.1748209817,1069022.540477618,-271466.3656566364,122.3000007042518,127.0455883250517,11718.6,False,1.0,1000000.0,1000000.0,0.0,GICRE.BO,False,True,False
2020-10-23,121.0,121.5999984741211,6312,1.0070393248374419,803170.4318116541,1069022.540477618,-265852.108665964,121.9923083965595,126.3779411315918,11446.8,False,1.0,1000000.0,1000000.0,0.0,GICRE.BO,False,True,False
2020-10-26,122.0,119.9000015258789,11651,0.9860197617633689,791941.9178303094,1069022.540477618,-277080.62264730874,121.67307750995343,125.6426472383387,12028.1,False,1.0,1000000.0,1000000.0,0.0,GICRE.BO,False,True,False
2020-10-27,118.3499984741211,120.19999694824219,15836,1.0025020468602623,793923.3936193268,1069022.540477618,-275099.14685829135,121.53076934814453,125.09411755730125,12714.1,False,1.0,1000000.0,1000000.0,0.0,GICRE.BO,False,True,False
2020-10-28,121.5,118.69999694824219,3852,0.9875207983520508,784015.863497327,1069022.540477618,-285006.67698029114,121.30384591909555,124.65441176470588,12212.7,False,1.0,1000000.0,1000000.0,0.0,GICRE.BO,False,True,False
2020-10-29,118.0999984741211,118.0,2444,0.9941028056761668,779392.3695973154,1069022.540477618,-289630.17088030267,120.96538426325871,124.10882343965419,10908.7,False,1.0,1000000.0,1000000.0,0.0,GICRE.BO,False,True,False
2020-10-30,118.80000305175781,117.94999694824219,3122,0.9995762453240863,779062.098436327,1069022.540477618,-289960.44204129116,120.66922994760367,123.61764705882354,10300.2,False,1.0,1000000.0,1000000.0,0.0,GICRE.BO,False,True,False
2020-11-02,120.0,122.05000305175781,30803,1.0347605443797914,806142.7210836364,1069022.540477618,-262879.8193939817,120.6999992957482,123.2617649751551,12045.5,False,1.0,1000000.0,1000000.0,0.0,GICRE.BO,False,True,False
2020-11-03,123.0,122.5,180231,1.0036869884226989,809114.9599633147,1069022.540477618,-259907.5805143034,120.92307633620042,122.93676488539752,27100.6,False,1.0,1000000.0,1000000.0,0.0,GICRE.BO,False,True,False
2020-11-04,122.25,121.6500015258789,14838,0.9930612369459503,803500.7029726423,1069022.540477618,-265521.83750497585,121.12692260742188,122.57647099214442,27773.9,False,1.0,1000000.0,1000000.0,0.0,GICRE.BO,False,True,False
2020-11-05,120.19999694824219,121.25,8260,0.9967118658375536,800858.6848616482,1069022.540477618,-268163.85561596986,120.75384580172025,122.22794140086455,27734.9,False,1.0,1000000.0,1000000.0,0.0,GICRE.BO,False,True,False
2020-11-06,123.75,121.25,23763,1.0,800858.6848616482,1069022.540477618,-268163.85561596986,120.59615325927734,121.99558863920323,29480.0,False,1.0,1000000.0,1000000.0,0.0,GICRE.BO,False,True,False
2020-11-09,120.1500015258789,121.6500015258789,8286,1.0032989816567333,803500.7029726423,1069022.540477618,-265521.83750497585,120.57307668832632,121.89558859432445,29143.5,False,1.0,1000000.0,1000000.0,0.0,GICRE.BO,False,True,False
2020-11-10,121.69999694824219,122.69999694824219,7142,1.0086312816209864,810435.9438226597,1069022.540477618,-258586.59665495844,120.72307645357571,121.90588266709271,28274.1,False,1.0,1000000.0,1000000.0,0.0,GICRE.BO,False,True,False
2020-11-11,123.55000305175781,123.69999694824219,16866,1.008149959452907,817040.9639039928,1069022.540477618,-251981.57657362532,120.88461479773888,121.95441189934226,29575.5,False,1.0,1000000.0,1000000.0,0.0,GICRE.BO,False,True,False
2020-11-12,122.44999694824219,124.69999694824219,15227,1.0080840745729236,823645.983985326,1069022.540477618,-245376.5564922921,121.25384521484375,122.05882352941177,30853.8,False,1.0,1000000.0,1000000.0,0.0,GICRE.BO,False,True,False
2020-11-13,125.0999984741211,127.05000305175781,26082,1.0188452779553074,839167.8214903022,1069022.540477618,-229854.7189873159,121.78076876126804,122.14117656034581,33149.8,False,1.0,1000000.0,1000000.0,0.0,GICRE.BO,False,True,False
2020-11-14,128.8000030517578,127.1500015258789,23710,1.0007870796672107,839828.3134199748,1069022.540477618,-229194.22705764335,122.43076911339394,122.18970601698932,32440.5,False,1.0,1000000.0,1000000.0,0.0,GICRE.BO,True,False,False
2020-11-17,128.0,126.0999984741211,56487,0.9917420130620753,832893.0221776533,1069022.540477618,-236129.51829996484,123.05384591909555,122.28382357429055,20066.1,True,1.0,1000000.0,1000000.0,0.0,GICRE.BO,True,False,False
2020-11-18,126.0999984741211,125.5,31047,0.995241883573502,828930.0202073142,1069022.540477618,-240092.52027030394,123.63461538461539,122.41470583747414,21687.0,True,0.995241883573502,995241.883573502,1000000.0,-4758.116426498047,GICRE.BO,True,False,False
2020-11-19,124.4000015258789,125.25,42883,0.99800796812749,827278.765186981,1069022.540477618,-241743.77529063716,123.88076899601863,122.51323520436006,25149.3,True,0.99800796812749,993259.3300205667,1000000.0,-6740.669979433296,GICRE.BO,True,False,False
2020-11-20,127.0,125.80000305175781,70070,1.0043912419302021,830911.5463886359,1069022.540477618,-238110.99408898223,124.13461538461539,122.48676479563994,29780.0,True,1.0043912419302021,997620.9720381174,1000000.0,-2379.027961882646,GICRE.BO,True,False,False
2020-11-23,126.0,130.4499969482422,48201,1.0369633846079578,861624.849452992,1069022.540477618,-207397.69102462614,124.81153810941257,122.62941180958467,33771.5,True,1.0369633846079578,1034496.4197205271,1034496.4197205271,0.0,GICRE.BO,True,False,False
2020-11-24,131.1999969482422,137.0500030517578,183125,1.0505941453270733,905218.0223036343,1069022.540477618,-163804.5181739838,126.02692295954778,123.01176475076115,51369.8,True,1.0505941453270733,1086835.8819202045,1086835.8819202045,0.0,GICRE.BO,True,False,False
2020-11-25,138.39999389648438,139.14999389648438,177670,1.0153228077195553,919088.504003669,1069022.540477618,-149934.0364739491,127.40384556696965,123.51470565795898,67450.2,True,1.0153228077195553,1103489.259161581,1103489.259161581,0.0,GICRE.BO,True,False,False
2020-11-26,139.9499969482422,138.0,26456,0.991735580690432,911492.7712239791,1069022.540477618,-157529.76925363904,128.66153775728665,123.99558796602138,68573.1,False,1.0,1103489.259161581,1103489.259161581,0.0,GICRE.BO,True,False,False
2020-11-27,136.25,141.0500030517578,109222,1.0221014713895493,931638.1026289668,1069022.540477618,-137384.43784865132,130.07307668832632,124.54411742266487,76887.1,True,1.0,1103489.259161581,1103489.259161581,0.0,GICRE.BO,True,False,False
2020-12-01,141.0500030517578,140.10000610351562,43304,0.993264821498135,925363.3537086219,1069022.540477618,-143659.18676899618,131.33461585411658,125.0823528065401,78846.5,False,1.0,1103489.259161581,1103489.259161581,0.0,GICRE.BO,True,False,False
2020-12-02,141.9499969482422,139.60000610351562,50779,0.9964311207836025,922060.8436679553,1069022.540477618,-146961.69680966286,132.48077040452225,125.61029411764706,78275.7,False,1.0,1103489.259161581,1103489.259161581,0.0,GICRE.BO,True,False,False
2020-12-03,141.0,140.8000030517578,26310,1.0085959663021244,929986.8476086335,1069022.540477618,-139035.69286898465,133.53846271221454,126.23382366404815,77802.0,False,1.0,1103489.259161581,1103489.259161581,0.0,GICRE.BO,True,False,False
2020-12-04,140.5,139.39999389648438,50547,0.9900567533740834,920739.7590240021,1069022.540477618,-148282.781453616,134.48076981764572,126.83382348453297,78568.4,False,1.0,1103489.259161581,1103489.259161581,0.0,GICRE.BO,True,False,False
2020-12-07,140.9499969482422,141.4499969482422,29759,1.0147059048889207,934280.0703476568,1069022.540477618,-134742.47012996126,135.66153893103967,127.28529402788948,74537.3,False,1.0,1103489.259161581,1103489.259161581,0.0,GICRE.BO,True,False,False
2020-12-08,142.0,142.5500030517578,21931,1.0077766428225383,941545.6327509665,1069022.540477618,-127476.90772665164,136.97307762732873,127.85147049847771,71910.3,False,1.0,1103489.259161581,1103489.259161581,0.0,GICRE.BO,True,False,False
2020-12-09,144.0,144.9499969482422,58072,1.0168361546482252,957397.6406323228,1069022.540477618,-111624.89984529535,138.48846200796274,128.527941086713,59405.0,False,1.0,1103489.259161581,1103489.259161581,0.0,GICRE.BO,True,False,False
2020-12-10,145.0,144.8000030517578,31941,0.9989652024860826,956406.927933966,1069022.540477618,-112615.61254365207,139.9500004695012,129.23529411764707,44832.1,False,1.0,1103489.259161581,1103489.259161581,0.0,GICRE.BO,True,False,False
2020-12-11,146.9499969482422,142.3000030517578,58721,0.9827348069937099,939894.3777306331,1069022.540477618,-129128.16274698498,140.86153940054086,129.8441177816952,48058.6,True,1.0,1103489.259161581,1103489.259161581,0.0,GICRE.BO,True,False,False
2020-12-14,140.60000610351562,142.75,34503,1.0031623115853239,942866.6166103114,1069022.540477618,-126155.92386730667,141.3000007042518,130.51617656034583,40586.7,False,1.0,1103489.259161581,1103489.259161581,0.0,GICRE.BO,True,False,False
2020-12-15,142.0500030517578,140.8000030517578,40771,0.9863397761944506,929986.8476086335,1069022.540477618,-139035.69286898465,141.4269244854267,131.12205909280215,40333.4,True,1.0,1103489.259161581,1103489.259161581,0.0,GICRE.BO,True,False,False
2020-12-16,142.0,141.25,16801,1.003196000983585,932959.0864883118,1069022.540477618,-136063.45398930635,141.6769244854267,131.7852944766774,36935.6,False,1.0,1103489.259161581,1103489.259161581,0.0,GICRE.BO,True,False,False
2020-12-17,142.5,145.25,64839,1.0283185840707965,959379.1668136445,1069022.540477618,-109643.37366397365,142.000001173753,132.5867650649127,40788.5,True,1.0,1103489.259161581,1103489.259161581,0.0,GICRE.BO,True,False,False
2020-12-18,147.60000610351562,142.85000610351562,27959,0.9834768062204173,943527.158932288,1069022.540477618,-125495.38154533016,142.21153963529147,133.31911827536192,38529.7,False,1.0,1103489.259161581,1103489.259161581,0.0,GICRE.BO,True,False,False
2020-12-21,142.0,133.0500030517578,85461,0.9313965513963207,878797.9419783013,1069022.540477618,-190224.59849931684,141.7076932466947,133.6426476871266,44099.9,True,1.0,1103489.259161581,1103489.259161581,0.0,GICRE.BO,True,False,False
2020-12-22,130.60000610351562,137.1999969482422,35894,1.0311912348838503,906208.7350019907,1069022.540477618,-162813.80547562742,141.43076970027045,134.0750005385455,45496.2,False,1.0,1103489.259161581,1103489.259161581,0.0,GICRE.BO,True,False,False
2020-12-23,137.10000610351562,141.3000030517578,70537,1.0298834270751647,933289.3576493,1069022.540477618,-135733.1828283181,141.5769242506761,134.65294175989487,46742.7,True,1.0,1103489.259161581,1103489.259161581,0.0,GICRE.BO,True,False,False
2020-12-24,141.5,140.85000610351562,106501,0.9968153082907057,930317.1187696217,1069022.540477618,-138705.4217079964,141.53077110877405,135.22941252764534,54198.7,True,0.9968153082907057,1099974.9860666338,1103489.259161581,-3514.273094947217,GICRE.BO,True,False,False
2020-12-28,141.0,141.25,19365,1.0028398571469739,932959.0864883119,1069022.540477618,-136063.45398930623,141.43077087402344,135.817647821763,50263.1,False,1.0,1099974.9860666338,1103489.259161581,-3514.273094947217,GICRE.BO,True,False,False
2020-12-29,141.5,140.3000030517578,15197,0.9932743578885509,926684.337567967,1069022.540477618,-142338.2029096511,141.07307903583234,136.36617727840647,48332.5,False,1.0,1099974.9860666338,1103489.259161581,-3514.273094947217,GICRE.BO,True,False,False
2020-12-30,140.39999389648438,139.3000030517578,21064,0.9928724164059277,920079.3174866338,1069022.540477618,-148943.22299098433,140.6500021127554,136.85441275203928,46361.8,False,1.0,1099974.9860666338,1103489.259161581,-3514.273094947217,GICRE.BO,True,False,False
2020-12-31,139.0,139.0,15101,0.9978463528701694,918097.7913053122,1069022.540477618,-150924.74917230592,140.39615572415866,137.30441284179688,46191.8,False,1.0,1099974.9860666338,1103489.259161581,-3514.273094947217,GICRE.BO,True,False,False
2021-01-01,141.3000030517578,140.1999969482422,17444,1.0086330715700877,926023.7952459904,1069022.540477618,-142998.74523162772,140.2000016432542,137.76029519473806,41452.3,False,1.0,1099974.9860666338,1103489.259161581,-3514.273094947217,GICRE.BO,True,False,False
2021-01-04,142.4499969482422,141.8000030517578,44593,1.0114123119710645,936591.8676899668,1069022.540477618,-132430.6727876513,140.27692472017728,138.1941187241498,43115.7,True,1.0,1099974.9860666338,1103489.259161581,-3514.273094947217,GICRE.BO,True,False,False
2021-01-05,142.9499969482422,141.35000610351562,13434,0.9968265378098904,933619.6288102886,1069022.540477618,-135402.9116673295,140.2846174973708,138.61176591760972,35913.0,False,1.0,1099974.9860666338,1103489.259161581,-3514.273094947217,GICRE.BO,True,False,False
2021-01-06,142.75,140.1999969482422,20226,0.9918641025425124,926023.7952459905,1069022.540477618,-142998.7452316276,139.89615572415866,139.02647175508386,34346.2,False,1.0,1099974.9860666338,1103489.259161581,-3514.273094947217,GICRE.BO,True,False,False
2021-01-07,140.3000030517578,141.25,48593,1.007489322928769,932959.086488312,1069022.540477618,-136063.45398930612,139.77307833158054,139.4897070492015,32151.8,True,1.0,1099974.9860666338,1103489.259161581,-3514.273094947217,GICRE.BO,True,False,False
2021-01-08,142.0,144.6999969482422,106845,1.0244247571556968,955746.3856119897,1069022.540477618,-113276.15486562846,140.66923170823318,140.06176578297334,32186.2,True,1.0244247571556968,1126841.6079786525,1126841.6079786525,0.0,GICRE.BO,True,False,False
2021-01-11,146.0,146.75,327306,1.0141672639598678,969286.6969356443,1069022.540477618,-99735.84354197385,141.40384732759915,140.677942163804,62980.3,True,1.0141672639598678,1142805.8704798478,1142805.8704798478,0.0,GICRE.BO,True,False,False
2021-01-12,147.89999389648438,148.1999969482422,34428,1.0098807287784817,978863.9558966558,1069022.540477618,-90158.58458096231,141.9346160888672,141.2000009873334,64903.4,False,1.0,1142805.8704798478,1142805.8704798478,0.0,GICRE.BO,True,False,False
2021-01-13,149.0,144.60000610351562,95964,0.9757085633005523,955085.9440746212,1069022.540477618,-113936.59640299692,142.22307762732873,141.4220599006204,72393.4,True,1.0,1142805.8704798478,1142805.8704798478,0.0,GICRE.BO,True,False,False
2021-01-14,145.85000610351562,144.3000030517578,28141,0.9979252901860665,953104.4178932996,1069022.540477618,-115918.12258431851,142.4576932466947,141.57353075812844,73697.4,False,1.0,1142805.8704798478,1142805.8704798478,0.0,GICRE.BO,True,False,False
2021-01-15,145.0,142.10000610351562,27475,0.9847540062251205,938573.3938712883,1069022.540477618,-130449.14660632983,142.59615501990686,141.69411917293772,74700.5,False,1.0,1142805.8704798478,1142805.8704798478,0.0,GICRE.BO,True,False,False
2021-01-18,141.3000030517578,138.60000610351562,53829,0.9753694591860161,915455.8235866221,1069022.540477618,-153566.71689099597,142.5423091008113,141.6220604391659,75624.1,False,1.0,1142805.8704798478,1142805.8704798478,0.0,GICRE.BO,True,False,False
2021-01-19,138.5500030517578,140.14999389648438,13596,1.0111831726169702,925693.5240850019,1069022.540477618,-143329.0163926162,142.63077016977164,141.62353066837088,75640.3,False,1.0,1142805.8704798478,1142805.8704798478,0.0,GICRE.BO,True,False,False
2021-01-20,143.9499969482422,140.60000610351562,102537,1.0032109327622492,928665.8637492884,1069022.540477618,-140356.67672832974,142.66154010479266,141.65294243307676,83871.4,True,1.0,1142805.8704798478,1142805.8704798478,0.0,GICRE.BO,True,False,False
2021-01-21,139.75,138.3000030517578,19783,0.9836415152779976,913474.2974053005,1069022.540477618,-155548.24307231756,142.3923093355619,141.57941302131204,80990.4,False,1.0,1142805.8704798478,1142805.8704798478,0.0,GICRE.BO,True,False,False
2021-01-22,138.14999389648438,136.35000610351562,22888,0.985900239297085,900594.5284036224,1069022.540477618,-168428.01207399566,142.0076939509465,141.48970749798943,72594.7,False,1.0,1142805.8704798478,1142805.8704798478,0.0,GICRE.BO,True,False,False
2021-01-25,139.9499969482422,133.85000610351562,13761,0.9816648339707296,884081.9782002894,1069022.540477618,-184940.5622773287,141.51923311673679,141.26617835549746,41240.2,False,1.0,1142805.8704798478,1142805.8704798478,0.0,GICRE.BO,True,False,False
2021-01-27,133.5,132.75,28110,0.9917818001243502,876816.4157969797,1069022.540477618,-192206.12468063843,140.86538696289062,140.97794297162224,40608.4,False,1.0,1142805.8704798478,1142805.8704798478,0.0,GICRE.BO,False,True,False
2021-01-28,132.0,133.14999389648438,26957,1.0030131366966808,879458.3835156696,1069022.540477618,-189564.1569619485,139.9769251896785,140.63088405833525,33707.7,False,1.0,1142805.8704798478,1142805.8704798478,0.0,GICRE.BO,False,True,False
2021-01-29,134.0,132.10000610351562,8312,0.9921142482831427,872523.1930579563,1069022.540477618,-196499.34741966182,138.85000258225662,140.25735473632812,31724.8,False,1.0,1142805.8704798478,1142805.8704798478,0.0,GICRE.BO,False,True,False
2021-02-01,131.0,138.75,155094,1.0503406024922766,916446.5362849789,1069022.540477618,-152576.00419263926,138.12307974008414,140.15294288186465,44486.7,False,1.0,1142805.8704798478,1142805.8704798478,0.0,GICRE.BO,False,True,False
2021-02-02,138.0500030517578,138.64999389648438,86601,0.9992792352899775,915785.9939630023,1069022.540477618,-153236.54651461577,137.66538649338943,140.03235446705537,47763.9,False,1.0,1142805.8704798478,1142805.8704798478,0.0,GICRE.BO,False,True,False
2021-02-03,140.0,137.64999389648438,32887,0.9927875943453225,909180.9738816691,1069022.540477618,-159841.566595949,137.15384732759915,139.9397071389591,49693.0,False,1.0,1142805.8704798478,1142805.8704798478,0.0,GICRE.BO,False,True,False
2021-02-04,138.25,140.39999389648438,21608,1.0199782064797478,927344.7791053352,1069022.540477618,-141677.76137228287,137.02307715782752,139.91470695944395,41600.1,False,1.0,1142805.8704798478,1142805.8704798478,0.0,GICRE.BO,False,True,False
2021-02-05,138.60000610351562,138.39999389648438,47164,0.9857549851357217,914134.7389426689,1069022.540477618,-154887.80153494922,137.0076916034405,139.71323619169348,44338.2,False,1.0,1142805.8704798478,1142805.8704798478,0.0,GICRE.BO,False,True,False
2021-02-08,138.3000030517578,137.8000030517578,10657,0.9956648058440283,910171.7873646339,1069022.540477618,-158850.75311298424,136.82692307692307,139.5647066901712,43115.1,False,1.0,1142805.8704798478,1142805.8704798478,0.0,GICRE.BO,False,True,False
2021-02-09,138.0,134.8000030517578,30638,0.9782293183340991,890356.7271206344,1069022.540477618,-178665.8133569837,136.38076899601862,139.61617727840647,44802.8,False,1.0,1142805.8704798478,1142805.8704798478,0.0,GICRE.BO,False,True,False
2021-02-10,135.0,137.0500030517578,17998,1.0166913942808746,905218.022303634,1069022.540477618,-163804.51817398414,136.28461514986478,139.61176569321577,43791.6,False,1.0,1142805.8704798478,1142805.8704798478,0.0,GICRE.BO,False,True,False
2021-02-11,138.0,137.85000610351562,8239,1.0058373077996625,910502.058525622,1069022.540477618,-158520.4819519961,136.3999997652494,139.51029519473806,41919.8,False,1.0,1142805.8704798478,1142805.8704798478,0.0,GICRE.BO,False,True,False
2021-02-12,142.5,142.5,132264,1.0337322719666227,941215.3615899781,1069022.540477618,-127807.17888764001,137.0653839111328,139.5588244269876,54315.0,False,1.0,1142805.8704798478,1142805.8704798478,0.0,GICRE.BO,False,True,False
2021-02-15,145.0,143.8000030517578,46049,1.0091228284333882,949801.9078526328,1069022.540477618,-119220.6326249853,137.91538414588342,139.63382451674516,43410.5,False,1.0,1142805.8704798478,1142805.8704798478,0.0,GICRE.BO,False,True,False
2021-02-16,143.5,142.0500030517578,18562,0.9878303201470022,938243.1227102999,1069022.540477618,-130779.4177673182,138.6000002347506,139.68529510498047,36606.6,False,1.0,1142805.8704798478,1142805.8704798478,0.0,GICRE.BO,False,True,False
2021-02-17,140.1999969482422,142.4499969482422,83975,1.0028158668630132,940885.0904289898,1069022.540477618,-128137.45004862826,139.39615337665265,139.77794198428884,41715.4,False,1.0,1142805.8704798478,1142805.8704798478,0.0,GICRE.BO,False,True,False
2021-02-18,146.5,170.89999389648438,537914,1.1997191825744946,1128797.891585997,1128797.891585997,0.0,141.86922983022836,140.7161770988913,93346.0,True,1.0,1142805.8704798478,1142805.8704798478,0.0,GICRE.BO,True,False,False
2021-02-19,194.0,205.0500030517578,565109,1.1998245194552692,1354359.38783429,1354359.38783429,0.0,146.97692284217248,142.62353021958296,145140.5,True,1.1998245194552692,1371166.5043791442,1371166.5043791442,0.0,GICRE.BO,True,False,False
2021-02-22,208.8000030517578,186.39999389648438,459501,0.9090465307110194,1231175.7028466614,1354359.38783429,-123183.6849876286,150.72692284217248,143.93529465619255,190024.9,True,0.9090465307110194,1246454.1538330168,1371166.5043791442,-124712.35054612742,GICRE.BO,True,False,False
2021-02-23,184.39999389648438,195.25,472921,1.0474785750713618,1289630.1708803033,1354359.38783429,-64729.21695398679,154.94615408090445,145.52058859432444,234253.2,True,1.0474785750713618,1305634.0209487882,1371166.5043791442,-65532.48343035602,GICRE.BO,True,False,False
2021-02-24,195.39999389648438,195.85000610351562,368610,1.0030730146146767,1293593.2232429467,1354359.38783429,-60766.164591343375,159.36538578913763,147.15735356947954,269314.4,True,1.0030730146146767,1309646.2533765829,1371166.5043791442,-61520.2510025613,GICRE.BO,True,False,False
2021-02-25,197.0,198.5,165668,1.0135307317533793,1311096.486144636,1354359.38783429,-43262.90168965398,164.0346163236178,148.8411770988913,285057.3,False,1.0,1309646.2533765829,1371166.5043791442,-61520.2510025613,GICRE.BO,True,False,False
2021-02-26,194.8000030517578,189.14999389648438,134065,0.9528966946926165,1249339.5080703276,1354359.38783429,-105019.87976396247,168.21538485013522,150.1485299503102,285237.4,False,1.0,1309646.2533765829,1371166.5043791442,-61520.2510025613,GICRE.BO,True,False,False
2021-03-01,190.3000030517578,197.85000610351562,125550,1.0459953078919606,1306803.263405613,1354359.38783429,-47556.12442867714,172.8923081618089,151.65147130629595,293187.5,False,1.0,1309646.2533765829,1371166.5043791442,-61520.2510025613,GICRE.BO,True,False,False
2021-03-02,197.85000610351562,202.0,146658,1.020975454983373,1334214.056429302,1354359.38783429,-20145.331404987955,177.82692307692307,153.23382433723,305997.1,False,1.0,1309646.2533765829,1371166.5043791442,-61520.2510025613,GICRE.BO,True,False,False
2021-03-03,203.0,197.9499969482422,82578,0.979950479941793,1307463.7049429812,1354359.38783429,-46895.682891308796,182.0923074575571,154.8029417150161,305857.4,False,1.0,1309646.2533765829,1371166.5043791442,-61520.2510025613,GICRE.BO,True,False,False
2021-03-04,198.0,199.5,34365,1.007830275704238,1317701.5062259694,1354359.38783429,-36657.88160832063,186.37692260742188,156.42647103702322,255502.5,False,1.0,1309646.2533765829,1371166.5043791442,-61520.2510025613,GICRE.BO,True,False,False
2021-03-05,201.75,196.60000610351562,54539,0.985463689741933,1298546.9883039463,1354359.38783429,-55812.39953034371,190.57307668832632,158.0294122134938,204445.5,False,1.0,1309646.2533765829,1371166.5043791442,-61520.2510025613,GICRE.BO,True,False,False
2021-03-08,199.9499969482422,202.14999389648438,71040,1.0282298454764367,1335204.7691276593,1354359.38783429,-19154.618706630776,195.16538414588342,159.8985295015223,165599.4,False,1.0,1309646.2533765829,1371166.5043791442,-61520.2510025613,GICRE.BO,True,False,False
2021-03-09,204.0,200.60000610351562,70457,0.9923324865705291,1324967.0686292793,1354359.38783429,-29392.319205010775,197.4500004695012,161.67647103702322,125353.0,False,1.0,1309646.2533765829,1371166.5043791442,-61520.2510025613,GICRE.BO,True,False,False
2021-03-10,201.89999389648438,200.85000610351562,23500,1.0012462611784319,1326618.3236496125,1354359.38783429,-27741.064184677554,197.12692378117487,163.4485298605526,90842.0,False,1.0,1309646.2533765829,1371166.5043791442,-61520.2510025613,GICRE.BO,True,False,False
2021-03-12,205.0,207.5500030517578,180674,1.0333582113250677,1370871.9380376234,1370871.9380376234,0.0,198.75384756234976,165.48529456643496,92342.6,True,1.0,1309646.2533765829,1371166.5043791442,-61520.2510025613,GICRE.BO,True,False,False
2021-03-15,211.0,209.3000030517578,50830,1.0084317030800698,1382430.7231799564,1382430.7231799564,0.0,199.8346170278696,167.6308827119715,84019.1,False,1.0,1309646.2533765829,1371166.5043791442,-61520.2510025613,GICRE.BO,True,False,False
2021-03-16,213.9499969482422,226.0500030517578,486962,1.080028665818308,1493064.809542287,1493064.809542287,0.0,202.15769371619592,170.3426473280963,120160.3,True,1.0,1309646.2533765829,1371166.5043791442,-61520.2510025613,GICRE.BO,True,False,False
2021-03-17,222.6999969482422,227.39999389648438,428270,1.0059720894779969,1501981.5261813218,1501981.5261813218,0.0,204.38077016977164,173.12647067799287,148321.5,True,1.0059720894779969,1317467.5779862711,1371166.5043791442,-53698.92639287305,GICRE.BO,True,False,False
2021-03-18,229.0,225.89999389648438,196280,0.9934036937543507,1492073.996059322,1501981.5261813218,-9907.530121999793,207.2076932466947,175.85441185446348,159691.7,True,0.9934036937543507,1308777.15837316,1371166.5043791442,-62389.346005984116,GICRE.BO,True,False,False
2021-03-19,224.0,219.25,239683,0.9705622218850893,1448150.6528322997,1501981.5261813218,-53830.87334902212,208.85384662334735,178.41764696906594,180223.5,True,0.9705622218850893,1270249.6667831077,1371166.5043791442,-100916.8375960365,GICRE.BO,True,False,False
2021-03-22,219.0,220.35000610351562,97465,1.0050171316009835,1455416.2152356093,1501981.5261813218,-46565.310945712496,210.26538555438702,180.8176471485811,184516.1,False,1.0,1270249.6667831077,1371166.5043791442,-100916.8375960365,GICRE.BO,True,False,False
2021-03-23,221.0,215.4499969482422,69936,0.9777626093962007,1423051.556366312,1501981.5261813218,-78929.96981500974,211.61153940054086,183.07647076775046,184405.7,False,1.0,1270249.6667831077,1371166.5043791442,-100916.8375960365,GICRE.BO,True,False,False
2021-03-24,215.0,211.85000610351562,70415,0.9832908289825069,1399273.5445442775,1501981.5261813218,-102707.98163704434,212.56153987004205,185.25882406795725,184401.5,False,1.0,1270249.6667831077,1371166.5043791442,-100916.8375960365,GICRE.BO,True,False,False
2021-03-25,213.89999389648438,204.39999389648438,73805,0.9648335520774497,1350066.0643106587,1501981.5261813218,-151915.4618706631,213.16153893103967,187.14117700913374,189432.0,False,1.0,1270249.6667831077,1371166.5043791442,-100916.8375960365,GICRE.BO,True,False,False
2021-03-26,206.3000030517578,202.4499969482422,24473,0.9904598972286186,1337186.2953089806,1501981.5261813218,-164795.2308723412,213.1846160888672,189.02500062830308,173811.9,False,1.0,1270249.6667831077,1371166.5043791442,-100916.8375960365,GICRE.BO,True,False,False
2021-03-30,204.3000030517578,184.10000610351562,69214,0.9093603797414832,1215984.2372872818,1501981.5261813218,-285997.28889404004,211.9153853196364,190.38676542394302,175650.3,False,1.0,1270249.6667831077,1371166.5043791442,-100916.8375960365,GICRE.BO,True,False,False
2021-03-31,186.0,199.5500030517578,208803,1.0839217622815014,1318031.7773869578,1501981.5261813218,-183949.74879436404,211.8153850848858,192.2911771886489,147834.4,True,1.0,1270249.6667831077,1371166.5043791442,-100916.8375960365,GICRE.BO,True,False,False
2021-04-01,200.5,208.25,259873,1.0435980797554067,1375495.431937635,1501981.5261813218,-126486.09424368688,211.86923100398138,194.38529474595015,130994.7,True,1.0435980797554067,1325630.1130647962,1371166.5043791442,-45536.39131434797,GICRE.BO,True,False,False
2021-04-05,204.0,203.1999969482422,98717,0.9757502854657488,1342140.0603699808,1501981.5261813218,-159841.46581134107,211.3999997652494,196.3073533002068,121238.4,False,1.0,1325630.1130647962,1371166.5043791442,-45536.39131434797,GICRE.BO,True,False,False
2021-04-06,203.5,202.6999969482422,51678,0.9975393700417852,1338837.5503293138,1501981.5261813218,-163143.97585200798,209.60384544959436,198.07794144574333,102437.9,False,1.0,1325630.1130647962,1371166.5043791442,-45536.39131434797,GICRE.BO,True,False,False
2021-04-07,200.64999389648438,204.5,21252,1.008880133590813,1350726.606632635,1501981.5261813218,-151254.91954868683,207.8423074575571,199.8632354736328,94816.6,False,1.0,1325630.1130647962,1371166.5043791442,-45536.39131434797,GICRE.BO,True,False,False
2021-04-08,207.3000030517578,213.0,76815,1.0415647921760391,1406869.2773239673,1501981.5261813218,-95112.24885735451,206.8500002347506,201.9500000897576,95504.5,False,1.0,1325630.1130647962,1371166.5043791442,-45536.39131434797,GICRE.BO,True,False,False
2021-04-09,214.0,211.9499969482422,25064,0.9950704082077098,1399933.9860816458,1501981.5261813218,-102047.540099676,206.28846153846155,203.9941177368164,90969.4,False,1.0,1325630.1130647962,1371166.5043791442,-45536.39131434797,GICRE.BO,True,False,False
2021-04-12,193.0,195.85000610351562,111528,0.9240387304716114,1293593.2232429467,1501981.5261813218,-208388.30293837516,204.40384615384616,204.7279416252585,94741.7,False,1.0,1325630.1130647962,1371166.5043791442,-45536.39131434797,GICRE.BO,False,True,False
2021-04-13,207.0,206.14999389648438,104658,1.052591204860748,1361624.8494529917,1501981.5261813218,-140356.6767283301,203.68846130371094,204.76029429716223,102760.2,False,1.0,1325630.1130647962,1371166.5043791442,-45536.39131434797,GICRE.BO,False,True,False
2021-04-15,201.8000030517578,201.0500030517578,51967,0.9752607761546311,1327939.3075089573,1501981.5261813218,-174042.21867236448,202.8576918381911,205.19117691937615,101035.5,False,1.0,1325630.1130647962,1371166.5043791442,-45536.39131434797,GICRE.BO,False,True,False
2021-04-16,202.9499969482422,209.5500030517578,59396,1.0422780396467428,1384081.9782002894,1501981.5261813218,-117899.5479810324,203.25384638859674,205.61176524442786,86094.8,False,1.0,1325630.1130647962,1371166.5043791442,-45536.39131434797,GICRE.BO,False,True,False
2021-04-19,206.0,202.5500030517578,39467,0.9665950851918096,1337846.837630957,1501981.5261813218,-164134.68855036492,203.26153916579025,205.80882397819968,64054.2,False,1.0,1325630.1130647962,1371166.5043791442,-45536.39131434797,GICRE.BO,False,True,False
2021-04-20,206.9499969482422,203.35000610351562,67703,1.0039496570708686,1343130.8738529452,1501981.5261813218,-158850.65232837666,204.7423083965595,205.95147121653838,60952.8,False,1.0,1325630.1130647962,1371166.5043791442,-45536.39131434797,GICRE.BO,False,True,False
2021-04-22,202.9499969482422,203.10000610351562,27945,0.9987705926112797,1341479.6188326122,1501981.5261813218,-160501.90734870965,205.01538555438702,206.36176569321577,58579.5,False,1.0,1325630.1130647962,1371166.5043791442,-45536.39131434797,GICRE.BO,False,True,False
2021-04-23,202.39999389648438,202.3000030517578,14435,0.9960610387606288,1336195.582610624,1501981.5261813218,-165785.9435706979,204.5576934814453,206.49264795639937,57897.8,False,1.0,1325630.1130647962,1371166.5043791442,-45536.39131434797,GICRE.BO,False,True,False
2021-04-26,198.3000030517578,203.85000610351562,17858,1.0076619032544516,1346433.3838936123,1501981.5261813218,-155548.14228770952,204.6076941856971,206.5470599006204,52002.1,False,1.0,1325630.1130647962,1371166.5043791442,-45536.39131434797,GICRE.BO,False,True,False
2021-04-27,207.0,206.35000610351562,110383,1.0122639191814913,1362945.9340969452,1501981.5261813218,-139035.5920843766,204.88846412071814,206.79411899342256,60534.0,False,1.0,1325630.1130647962,1371166.5043791442,-45536.39131434797,GICRE.BO,False,True,False
2021-04-28,206.0500030517578,206.0500030517578,36106,0.9985461446916202,1360964.4079156236,1501981.5261813218,-141017.1182656982,205.00769512469952,206.9867661420037,52991.8,False,1.0,1325630.1130647962,1371166.5043791442,-45536.39131434797,GICRE.BO,False,True,False
2021-04-29,209.8000030517578,202.64999389648438,34180,0.9834991065036801,1338507.279168326,1501981.5261813218,-163474.24701299588,204.21154080904446,207.16470695944395,45944.0,False,1.0,1325630.1130647962,1371166.5043791442,-45536.39131434797,GICRE.BO,False,True,False
2021-04-30,204.85000610351562,204.60000610351562,49406,1.009622562377314,1351387.1489546122,1501981.5261813218,-150594.37722670962,203.64615689791165,207.2367661420037,45687.9,False,1.0,1325630.1130647962,1371166.5043791442,-45536.39131434797,GICRE.BO,False,True,False
2021-05-03,202.3000030517578,204.89999389648438,65415,1.0014662159531753,1353368.5743513256,1501981.5261813218,-148612.9518299962,204.3423098050631,207.36323637120864,46289.8,False,1.0,1325630.1130647962,1371166.5043791442,-45536.39131434797,GICRE.BO,False,True,False
2021-05-04,208.6999969482422,208.8000030517578,200706,1.0190337202120354,1379128.21313929,1501981.5261813218,-122853.31304203183,204.54615666316107,207.59705981086282,62413.7,False,1.0,1325630.1130647962,1371166.5043791442,-45536.39131434797,GICRE.BO,False,True,False
2021-05-05,208.14999389648438,205.64999389648438,28071,0.9849137494768494,1358322.3394123255,1501981.5261813218,-143659.1867689963,204.9000021127554,207.5411771886489,58450.5,False,1.0,1325630.1130647962,1371166.5043791442,-45536.39131434797,GICRE.BO,False,True,False
2021-05-06,209.8000030517578,204.60000610351562,18517,0.9948942969893922,1351387.1489546122,1501981.5261813218,-150594.37722670962,204.51923311673679,207.40294198428884,57507.7,False,1.0,1325630.1130647962,1371166.5043791442,-45536.39131434797,GICRE.BO,False,True,False
2021-05-07,207.0,203.89999389648438,33228,0.9965786305662323,1346763.5542699925,1501981.5261813218,-155217.9719113293,204.62307856633112,206.75147112678079,59387.0,False,1.0,1325630.1130647962,1371166.5043791442,-45536.39131434797,GICRE.BO,False,True,False
2021-05-10,204.0,200.5500030517578,45049,0.9835704220450968,1324636.7974682911,1501981.5261813218,-177344.7287130307,204.40769371619592,205.96176551370058,62106.1,False,1.0,1325630.1130647962,1371166.5043791442,-45536.39131434797,GICRE.BO,False,True,False
2021-05-11,202.0,202.10000610351562,52128,1.0077287610479755,1334874.598751279,1501981.5261813218,-167106.92743004276,204.33077063927283,205.26176587273093,56280.6,False,1.0,1325630.1130647962,1371166.5043791442,-45536.39131434797,GICRE.BO,False,True,False
2021-05-12,200.0,200.89999389648438,38545,0.9940622851519529,1326948.4940259927,1501981.5261813218,-175033.03215532913,204.22307762732873,204.72205981086282,56524.5,False,1.0,1325630.1130647962,1371166.5043791442,-45536.39131434797,GICRE.BO,False,True,False
2021-05-14,202.4499969482422,200.0500030517578,18146,0.9957690847658038,1321334.2874276247,1501981.5261813218,-180647.23875369714,203.93076970027045,204.12500089757583,54921.1,False,1.0,1325630.1130647962,1371166.5043791442,-45536.39131434797,GICRE.BO,False,True,False
2021-05-17,199.0500030517578,195.14999389648438,71412,0.9755060780778609,1288969.6285583272,1501981.5261813218,-213011.8976229946,203.06923029972955,203.52794198428884,57121.7,False,1.0,1325630.1130647962,1371166.5043791442,-45536.39131434797,GICRE.BO,False,True,False
2021-05-18,194.10000610351562,196.9499969482422,23490,1.0092236900233398,1300858.6848616486,1501981.5261813218,-201122.84131967323,202.36922983022836,203.08970642089844,52929.2,False,1.0,1325630.1130647962,1371166.5043791442,-45536.39131434797,GICRE.BO,False,True,False
2021-05-19,196.9499969482422,197.1999969482422,141131,1.00126935772467,1302509.939881982,1501981.5261813218,-199471.58629933977,201.9499992957482,202.87794180477366,46971.7,False,1.0,1325630.1130647962,1371166.5043791442,-45536.39131434797,GICRE.BO,False,True,False
2021-05-20,196.0,195.89999389648438,43054,0.9934076923332863,1293923.393619327,1501981.5261813218,-208058.13256199472,201.28076758751502,202.68529465619255,48470.0,False,1.0,1325630.1130647962,1371166.5043791442,-45536.39131434797,GICRE.BO,False,True,False
2021-05-21,196.0,194.25,47127,0.9915773662690553,1283025.1507989706,1501981.5261813218,-218956.37538235122,200.46153728778546,202.9838238884421,51331.0,False,1.0,1325630.1130647962,1371166.5043791442,-45536.39131434797,GICRE.BO,False,True,False
2021-05-24,194.35000610351562,193.5,58576,0.9961389961389961,1278071.3857379707,1501981.5261813218,-223910.14044335112,199.28461397611179,202.80588262221391,53865.8,False,1.0,1325630.1130647962,1371166.5043791442,-45536.39131434797,GICRE.BO,False,True,False
2021-05-25,194.0,193.8000030517578,77188,1.0015504033682574,1280052.9119192923,1501981.5261813218,-221928.61426202953,198.37307621882513,202.3808827119715,57079.7,False,1.0,1325630.1130647962,1371166.5043791442,-45536.39131434797,GICRE.BO,False,True,False
2021-05-26,194.0,193.25,49297,0.9971620070015638,1276420.1307176375,1501981.5261813218,-225561.39546368434,197.499998826247,202.08823574290557,56796.6,False,1.0,1325630.1130647962,1371166.5043791442,-45536.39131434797,GICRE.BO,False,True,False
2021-05-27,192.0,189.89999389648438,30669,0.9826649102017303,1254293.2731313282,1501981.5261813218,-247688.25304999365,196.4230757493239,201.7117650649127,56009.0,False,1.0,1325630.1130647962,1371166.5043791442,-45536.39131434797,GICRE.BO,False,True,False
2021-05-28,190.0,192.75,56798,1.0150079315172025,1273117.6206769708,1501981.5261813218,-228863.90550435102,195.8230755145733,201.36617682961855,59874.2,False,1.0,1325630.1130647962,1371166.5043791442,-45536.39131434797,GICRE.BO,False,True,False
2021-05-31,195.75,196.60000610351562,108927,1.0199740913282263,1298546.9883039466,1501981.5261813218,-203434.53787737526,195.3999985914964,200.88382406795725,63625.7,False,1.0,1325630.1130647962,1371166.5043791442,-45536.39131434797,GICRE.BO,False,True,False
2021-06-01,197.0500030517578,196.8000030517578,32320,1.001017278443709,1299867.9721632914,1501981.5261813218,-202113.5540180304,195.0846146803636,200.43823601217832,64508.7,False,1.0,1325630.1130647962,1371166.5043791442,-45536.39131434797,GICRE.BO,False,True,False
2021-06-02,196.0,196.4499969482422,48019,0.9982215137292271,1297556.1748209817,1501981.5261813218,-204425.35136034014,194.8076911339393,200.4558828017291,55197.5,False,1.0,1325630.1130647962,1371166.5043791442,-45536.39131434797,GICRE.BO,False,True,False
2021-06-03,199.0,200.1999969482422,236459,1.0190888269699896,1322325.000125981,1501981.5261813218,-179656.5260553409,195.19615290715143,200.28088289148667,74538.0,False,1.0,1325630.1130647962,1371166.5043791442,-45536.39131434797,GICRE.BO,False,True,False
2021-06-04,201.8000030517578,200.5500030517578,88651,1.0017482822619928,1324636.797468291,1501981.5261813218,-177344.72871303093,195.47307645357571,200.26617700913374,78690.4,False,1.0,1325630.1130647962,1371166.5043791442,-45536.39131434797,GICRE.BO,False,True,False
2021-06-07,204.4499969482422,201.1999969482422,46335,1.0032410565275167,1328930.0202073145,1501981.5261813218,-173051.5059740073,195.78076876126804,200.02058859432444,77466.3,False,1.0,1325630.1130647962,1371166.5043791442,-45536.39131434797,GICRE.BO,False,True,False
2021-06-08,201.1999969482422,199.1999969482422,42294,0.9900596419963441,1315719.980044648,1501981.5261813218,-186261.54613667377,196.03461514986478,199.92205900304458,73976.9,False,1.0,1325630.1130647962,1371166.5043791442,-45536.39131434797,GICRE.BO,False,True,False
2021-06-09,198.25,195.9499969482422,32289,0.9836847387058724,1294253.664780315,1501981.5261813218,-207727.8614010068,196.16538414588342,199.7044116749483,72276.1,False,1.0,1325630.1130647962,1371166.5043791442,-45536.39131434797,GICRE.BO,False,True,False
2021-06-10,198.0,196.25,46555,1.0015310184048487,1296235.1909616368,1501981.5261813218,-205746.335219685,196.37692260742188,199.50294090719785,73864.7,False,1.0,1325630.1130647962,1371166.5043791442,-45536.39131434797,GICRE.BO,False,True,False
2021-06-11,197.0,196.85000610351562,20507,1.0030573559414808,1300198.2433242798,1501981.5261813218,-201783.28285704204,196.61153822678787,199.34264687930838,70235.6,False,1.0,1325630.1130647962,1371166.5043791442,-45536.39131434797,GICRE.BO,False,True,False
2021-06-14,196.6999969482422,193.64999389648438,44137,0.9837439059801274,1279062.098436327,1501981.5261813218,-222919.42774499487,196.64230698805588,199.04264652027803,63756.6,False,1.0,1325630.1130647962,1371166.5043791442,-45536.39131434797,GICRE.BO,False,True,False
2021-06-15,192.60000610351562,194.39999389648438,17155,1.0038729668145556,1284015.8634973268,1501981.5261813218,-217965.66268399497,196.98846083420975,198.6911755730124,62240.1,False,1.0,1325630.1130647962,1371166.5043791442,-45536.39131434797,GICRE.BO,False,True,False
2021-06-16,195.75,201.14999389648438,247286,1.034722223312385,1328599.749046326,1501981.5261813218,-173381.7771349959,197.63461421086237,198.54705765668083,82166.8,False,1.0,1325630.1130647962,1371166.5043791442,-45536.39131434797,GICRE.BO,False,True,False
2021-06-17,203.0,203.8000030517578,321906,1.0131742939879838,1346103.1127326237,1501981.5261813218,-155878.41344869812,198.18846012995795,198.58088145536536,90711.5,False,1.0,1325630.1130647962,1371166.5043791442,-45536.39131434797,GICRE.BO,False,True,False
2021-06-18,205.0,201.75,235511,0.9899411039202135,1332562.801408969,1501981.5261813218,-169418.72477235273,198.56922912597656,198.49705774643843,105397.5,True,1.0,1325630.1130647962,1371166.5043791442,-45536.39131434797,GICRE.BO,True,False,False
2021-06-21,197.0,198.4499969482422,45247,0.9836431075501472,1310766.2149836482,1501981.5261813218,-191215.31119767367,198.72307527982272,198.30735195384307,105288.7,False,1.0,1325630.1130647962,1371166.5043791442,-45536.39131434797,GICRE.BO,True,False,False
2021-06-22,201.0,199.64999389648438,22921,1.0060468479047402,1318692.2189243261,1501981.5261813218,-183289.3072569957,198.68076735276443,198.0382340375115,103351.4,False,1.0,1325630.1130647962,1371166.5043791442,-45536.39131434797,GICRE.BO,True,False,False
2021-06-23,201.0,198.75,48278,0.9954921416278579,1312747.7411649695,1501981.5261813218,-189233.7850163523,198.54230557955228,197.83529304055605,104950.3,False,1.0,1325630.1130647962,1371166.5043791442,-45536.39131434797,GICRE.BO,True,False,False
2021-06-24,198.4499969482422,198.64999389648438,32829,0.9994968246363993,1312087.198842993,1501981.5261813218,-189894.32733832882,198.34615149864783,197.66029268152573,103577.7,False,1.0,1325630.1130647962,1371166.5043791442,-45536.39131434797,GICRE.BO,True,False,False
2021-06-25,198.64999389648438,198.4499969482422,35814,0.9989932194594157,1310766.2149836482,1501981.5261813218,-191215.31119767367,198.28845919095554,197.49999865363625,105108.4,False,1.0,1325630.1130647962,1371166.5043791442,-45536.39131434797,GICRE.BO,True,False,False
2021-06-28,197.60000610351562,198.5500030517578,28401,1.0005039360294963,1311426.757305625,1501981.5261813218,-190554.76887569693,198.48845966045673,197.4411751242245,103534.8,False,1.0,1325630.1130647962,1371166.5043791442,-45536.39131434797,GICRE.BO,True,False,False
2021-06-29,199.3000030517578,204.1999969482422,193744,1.028456277056876,1348745.080451314,1501981.5261813218,-153236.44573000772,199.0999978872446,197.5029395608341,121193.7,True,1.0,1325630.1130647962,1371166.5043791442,-45536.39131434797,GICRE.BO,True,False,False
2021-06-30,205.14999389648438,208.5500030517578,232712,1.0213026746744673,1377476.9581189568,1501981.5261813218,-124504.56806236506,199.999997652494,197.72793983010683,119736.3,True,1.0213026746744673,1353869.580102093,1371166.5043791442,-17296.92427705112,GICRE.BO,True,False,False
2021-07-01,210.0,205.39999389648438,78055,0.9848956647845665,1356671.0843919923,1501981.5261813218,-145310.44178932952,200.90384380634015,197.88529250201057,95351.2,False,1.0,1353869.580102093,1371166.5043791442,-17296.92427705112,GICRE.BO,True,False,False
2021-07-02,208.8000030517578,200.25,41617,0.97492700073263,1322655.2712869698,1501981.5261813218,-179326.25489435205,201.35384427584134,198.03529268152573,75961.8,False,1.0,1353869.580102093,1371166.5043791442,-17296.92427705112,GICRE.BO,True,False,False
2021-07-05,204.0,198.89999389648438,65979,0.9932583964868134,1313738.4538633265,1501981.5261813218,-188243.07231799536,201.18076735276443,198.09264553294463,78035.0,False,1.0,1353869.580102093,1371166.5043791442,-17296.92427705112,GICRE.BO,True,False,False
2021-07-06,198.89999389648438,203.14999389648438,60874,1.0213675220232128,1341809.7892089926,1501981.5261813218,-160171.7369723292,201.13076664851263,198.26764544318704,81830.3,False,1.0,1353869.580102093,1371166.5043791442,-17296.92427705112,GICRE.BO,True,False,False
2021-07-07,200.6999969482422,198.5500030517578,43108,0.9773566774160451,1311426.757305625,1501981.5261813218,-190554.76887569693,200.88461303710938,198.34558688893037,81313.3,False,1.0,1353869.580102093,1371166.5043791442,-17296.92427705112,GICRE.BO,True,False,False
2021-07-08,200.0,197.10000610351562,55542,0.9926970691213528,1301849.4983446135,1501981.5261813218,-200132.02783670835,200.78076758751502,198.4294105978573,83584.6,False,1.0,1353869.580102093,1371166.5043791442,-17296.92427705112,GICRE.BO,True,False,False
2021-07-09,196.0500030517578,194.5500030517578,51850,0.9870623897879609,1285006.6769802922,1501981.5261813218,-216974.84920102963,200.38846059945914,198.46029304055605,85188.2,False,1.0,1353869.580102093,1371166.5043791442,-17296.92427705112,GICRE.BO,True,False,False
2021-07-12,196.89999389648438,191.60000610351562,73396,0.9848368188025298,1265521.887897281,1501981.5261813218,-236459.63828404085,199.83846106896033,198.39558724796072,89687.7,False,1.0,1353869.580102093,1371166.5043791442,-17296.92427705112,GICRE.BO,True,False,False
2021-07-13,193.89999389648438,189.5,45109,0.9890396344644109,1251651.305412638,1501981.5261813218,-250330.22076868382,199.1346153846154,198.28529313031365,74824.2,False,1.0,1353869.580102093,1371166.5043791442,-17296.92427705112,GICRE.BO,True,False,False
2021-07-14,191.5,187.3000030517578,72736,0.9883905174235241,1237120.2813906267,1501981.5261813218,-264861.24479069514,198.27692354642429,198.2088228113511,58826.6,True,1.0,1353869.580102093,1371166.5043791442,-17296.92427705112,GICRE.BO,True,False,False
2021-07-15,187.3000030517578,184.64999389648438,45829,0.9858515263636106,1219616.917704329,1501981.5261813218,-282364.60847699293,197.2076920729417,197.97058733771829,55604.0,False,1.0,1353869.580102093,1371166.5043791442,-17296.92427705112,GICRE.BO,False,True,False
2021-07-16,184.5,185.0500030517578,102280,1.0021663101461984,1222258.986207627,1501981.5261813218,-279722.53997369483,195.734615619366,197.63088136560776,61670.3,False,1.0,1353869.580102093,1371166.5043791442,-17296.92427705112,GICRE.BO,False,True,False
2021-07-19,185.0,182.9499969482422,63436,0.9886516829565885,1208388.403722984,1501981.5261813218,-293593.1224583378,193.765384380634,197.22352824491614,61416.0,False,1.0,1353869.580102093,1371166.5043791442,-17296.92427705112,GICRE.BO,False,True,False
2021-07-20,180.64999389648438,176.89999389648438,47621,0.9669308381925287,1168428.0120739967,1501981.5261813218,-333553.5141073251,191.57307668832632,196.64852815515854,60090.7,False,1.0,1353869.580102093,1371166.5043791442,-17296.92427705112,GICRE.BO,False,True,False
2021-07-22,179.89999389648438,174.60000610351562,56926,0.9869983726832992,1153236.546514617,1501981.5261813218,-348744.9796667048,189.6000002347506,195.89558724796072,61472.5,False,1.0,1353869.580102093,1371166.5043791442,-17296.92427705112,GICRE.BO,False,True,False
2021-07-23,175.0,173.89999389648438,47852,0.9959907664229047,1148612.9518299971,1501981.5261813218,-353368.5743513247,187.67692331167368,195.1117634492762,60703.5,False,1.0,1353869.580102093,1371166.5043791442,-17296.92427705112,GICRE.BO,False,True,False
2021-07-26,173.0500030517578,174.85000610351562,277229,1.005462980105662,1154887.8015349503,1501981.5261813218,-347093.72464637156,185.500001173753,194.33676371854895,83241.4,False,1.0,1353869.580102093,1371166.5043791442,-17296.92427705112,GICRE.BO,False,True,False
2021-07-27,178.0,174.9499969482422,89296,1.000571866406841,1155548.2430723186,1501981.5261813218,-346433.2831090032,183.6846160888672,193.6235284244313,84831.4,False,1.0,1353869.580102093,1371166.5043791442,-17296.92427705112,GICRE.BO,False,True,False
2021-07-28,175.0,179.5,380367,1.0260074485917476,1185601.1045993061,1501981.5261813218,-316380.4215820157,182.33076946551984,193.13970498477713,118357.2,False,1.0,1353869.580102093,1371166.5043791442,-17296.92427705112,GICRE.BO,False,True,False
2021-07-29,183.0,179.0,80841,0.9972144846796658,1182298.5945586397,1501981.5261813218,-319682.93162268214,181.1346153846154,192.63235204360063,119167.7,False,1.0,1353869.580102093,1371166.5043791442,-17296.92427705112,GICRE.BO,False,True,False
2021-07-30,179.5500030517578,180.60000610351562,78217,1.0089385815838863,1192866.6670026162,1501981.5261813218,-309114.8591787056,180.28846153846155,192.15441086713005,122406.5,False,1.0,1353869.580102093,1371166.5043791442,-17296.92427705112,GICRE.BO,False,True,False
2021-08-02,181.0,178.4499969482422,102226,0.988095187803919,1178665.8133569849,1501981.5261813218,-323315.71282433695,179.43846130371094,191.70735213335823,122401.1,False,1.0,1353869.580102093,1371166.5043791442,-17296.92427705112,GICRE.BO,False,True,False
2021-08-03,177.0,176.14999389648438,33512,0.9871112183183455,1163474.247012997,1501981.5261813218,-338507.2791683248,178.58076829176682,191.17058742747588,119408.7,False,1.0,1353869.580102093,1371166.5043791442,-17296.92427705112,GICRE.BO,False,True,False
2021-08-04,179.6999969482422,174.1999969482422,33760,0.988929906240087,1150594.4780113192,1501981.5261813218,-351387.04817000264,177.77692237267127,190.37794045840994,118022.6,False,1.0,1353869.580102093,1371166.5043791442,-17296.92427705112,GICRE.BO,False,True,False
2021-08-05,174.1999969482422,170.85000610351562,56068,0.9807692829884382,1128467.7212096178,1501981.5261813218,-373513.804971704,176.6846149151142,189.4088229011087,117936.8,False,1.0,1353869.580102093,1371166.5043791442,-17296.92427705112,GICRE.BO,False,True,False
2021-08-06,170.85000610351562,170.8000030517578,57276,0.9997073277730671,1128137.4500486294,1501981.5261813218,-373844.0761326924,175.75,188.49852887321921,118879.2,False,1.0,1353869.580102093,1371166.5043791442,-17296.92427705112,GICRE.BO,False,True,False
2021-08-09,170.8000030517578,169.75,17296,0.9938524412588,1121202.158806308,1501981.5261813218,-380779.3673750139,175.2000004695012,187.65441131591797,92885.9,False,1.0,1353869.580102093,1371166.5043791442,-17296.92427705112,GICRE.BO,False,True,False
2021-08-10,169.0,167.6999969482422,23139,0.9879233988114414,1107661.847482653,1501981.5261813218,-394319.6786986687,174.66923053448016,186.7147055233226,86270.2,False,1.0,1353869.580102093,1371166.5043791442,-17296.92427705112,GICRE.BO,False,True,False
2021-08-11,172.0,164.60000610351562,48474,0.9815146636783582,1087186.3457012852,1501981.5261813218,-414795.18048003665,173.95384685809796,185.71029393813188,53080.9,False,1.0,1353869.580102093,1371166.5043791442,-17296.92427705112,GICRE.BO,False,True,False
2021-08-12,167.0,166.1999969482422,43387,1.0097204786476153,1097754.3173606535,1501981.5261813218,-404227.2088206683,173.28846153846155,184.7558822631836,49335.5,False,1.0,1353869.580102093,1371166.5043791442,-17296.92427705112,GICRE.BO,False,True,False
2021-08-13,168.75,164.75,100849,0.9912755898022444,1088177.058399642,1501981.5261813218,-413804.46778167994,172.50384638859674,183.76470588235293,51598.7,False,1.0,1353869.580102093,1371166.5043791442,-17296.92427705112,GICRE.BO,False,True,False
2021-08-16,162.0,158.0,48989,0.9590288315629742,1043593.1728506432,1501981.5261813218,-458388.35333067866,170.8500002347506,182.57205873377183,46275.0,False,1.0,1353869.580102093,1371166.5043791442,-17296.92427705112,GICRE.BO,False,True,False
2021-08-17,160.0,155.6999969482422,27724,0.9854430186597607,1028401.6065066552,1501981.5261813218,-473579.9196746666,169.05769230769232,181.14558814553652,45696.2,False,1.0,1353869.580102093,1371166.5043791442,-17296.92427705112,GICRE.BO,False,True,False
2021-08-18,157.5,150.5,113384,0.9666024595365228,994055.5222406443,1501981.5261813218,-507926.0039406775,166.7423072228065,179.4382351146025,53658.6,False,1.0,1353869.580102093,1371166.5043791442,-17296.92427705112,GICRE.BO,False,True,False
2021-08-20,152.0,147.35000610351562,64819,0.9790698079967816,973249.749298288,1501981.5261813218,-528731.7768830338,164.3500002347506,177.73088253245635,54533.7,False,1.0,1353869.580102093,1371166.5043791442,-17296.92427705112,GICRE.BO,False,True,False
2021-08-23,148.60000610351562,139.8000030517578,206095,0.9487614337358505,923381.8275273008,1501981.5261813218,-578599.698654021,161.55384709284857,175.95294144574333,69415.6,False,1.0,1353869.580102093,1371166.5043791442,-17296.92427705112,GICRE.BO,False,True,False
2021-08-24,138.89999389648438,139.75,129438,0.9996423243872227,923051.5563663126,1501981.5261813218,-578929.9698150093,158.90384732759915,174.21323574290557,80629.8,False,1.0,1353869.580102093,1371166.5043791442,-17296.92427705112,GICRE.BO,False,True,False
2021-08-25,142.1999969482422,158.64999389648438,432861,1.1352414590088327,1047886.3955896664,1501981.5261813218,-454095.1305916554,157.96538485013522,172.9044122134938,121602.0,False,1.0,1353869.580102093,1371166.5043791442,-17296.92427705112,GICRE.BO,False,True,False
2021-08-26,161.0,159.89999389648438,418161,1.0078789791874534,1056142.670691333,1501981.5261813218,-445838.8554899888,157.12692260742188,171.7676472383387,158570.7,False,1.0,1353869.580102093,1371166.5043791442,-17296.92427705112,GICRE.BO,False,True,False
2021-08-27,159.9499969482422,154.60000610351562,168509,0.9668543590039169,1021136.1448879536,1501981.5261813218,-480845.3812933682,155.96153846153845,170.5176472383387,171082.9,False,1.0,1353869.580102093,1371166.5043791442,-17296.92427705112,GICRE.BO,False,True,False
2021-08-30,155.4499969482422,150.64999389648438,127994,0.9744501160990483,995046.234939001,1501981.5261813218,-506935.2912423208,154.6499997652494,169.2264704984777,173797.4,False,1.0,1353869.580102093,1371166.5043791442,-17296.92427705112,GICRE.BO,False,True,False
2021-08-31,152.64999389648438,148.25,206672,0.9840690740543044,979194.2270576446,1501981.5261813218,-522787.2991236772,153.39230698805588,167.95147031896255,189565.7,False,1.0,1353869.580102093,1371166.5043791442,-17296.92427705112,GICRE.BO,False,True,False
2021-09-01,148.8000030517578,149.9499969482422,98524,1.0114670957722913,990422.7410389894,1501981.5261813218,-511558.78514233243,152.14230698805588,166.7882349350873,196645.7,False,1.0,1353869.580102093,1371166.5043791442,-17296.92427705112,GICRE.BO,False,True,False
2021-09-02,147.8000030517578,149.8000030517578,47270,0.9989997072388328,989432.0283406327,1501981.5261813218,-512549.49784068915,150.9923072228065,165.68529375861672,190034.3,False,1.0,1353869.580102093,1371166.5043791442,-17296.92427705112,GICRE.BO,False,True,False
2021-09-03,151.0,150.10000610351562,53525,1.002002690558385,991413.5545219543,1501981.5261813218,-510567.97165936755,150.3846153846154,164.6691176470588,188904.9,False,1.0,1353869.580102093,1371166.5043791442,-17296.92427705112,GICRE.BO,False,True,False
2021-09-06,150.8000030517578,147.85000610351562,80096,0.9850099939473134,976552.2593389546,1501981.5261813218,-525429.2668423672,149.78076993502103,163.5750000897576,176305.0,False,1.0,1353869.580102093,1371166.5043791442,-17296.92427705112,GICRE.BO,False,True,False
2021-09-07,147.75,146.9499969482422,58275,0.9939126877367641,970607.6807949899,1501981.5261813218,-531373.8453863319,149.5076927771935,162.51617656034583,169188.7,False,1.0,1353869.580102093,1371166.5043791442,-17296.92427705112,GICRE.BO,False,True,False
2021-09-08,146.6999969482422,144.9499969482422,37495,0.9863899282644801,957397.6406323236,1501981.5261813218,-544583.8855489983,149.32307668832632,161.57647076775046,129652.1,False,1.0,1353869.580102093,1371166.5043791442,-17296.92427705112,GICRE.BO,False,True,False
2021-09-09,144.9499969482422,144.1999969482422,87821,0.9948258018917531,952443.8755713237,1501981.5261813218,-549537.6506099981,149.66153775728665,160.6823528514189,96618.1,False,1.0,1353869.580102093,1371166.5043791442,-17296.92427705112,GICRE.BO,False,True,False
2021-09-13,144.0,144.4499969482422,90215,1.0017337032267049,954095.130591657,1501981.5261813218,-547886.3955896648,150.02307598407452,159.81617647058823,88788.7,False,1.0,1353869.580102093,1371166.5043791442,-17296.92427705112,GICRE.BO,False,True,False
2021-09-14,145.0,147.89999389648438,157544,1.0238836761587358,976882.4297153348,1501981.5261813218,-525099.096465987,149.19615290715143,159.02352905273438,91743.7,False,1.0,1353869.580102093,1371166.5043791442,-17296.92427705112,GICRE.BO,False,True,False
2021-09-15,147.39999389648438,147.5500030517578,41586,0.9976335979772147,974570.733157633,1501981.5261813218,-527410.7930236888,148.24615361140326,158.21764687930838,75235.1,False,1.0,1353869.580102093,1371166.5043791442,-17296.92427705112,GICRE.BO,False,True,False
2021-09-16,147.5500030517578,147.25,91881,0.9979667702775135,972589.2069763114,1501981.5261813218,-529392.3192050104,147.68076852651743,157.26911746754365,74570.8,False,1.0,1353869.580102093,1371166.5043791442,-17296.92427705112,GICRE.BO,False,True,False
2021-09-17,148.5,147.89999389648438,172389,1.0044142200100807,976882.4297153348,1501981.5261813218,-525099.096465987,147.46923006497897,156.35441140567556,87082.7,False,1.0,1353869.580102093,1371166.5043791442,-17296.92427705112,GICRE.BO,False,True,False
2021-09-20,147.0,145.85000610351562,98075,0.9861393652632363,963342.2191762882,1501981.5261813218,-538639.3070050336,147.28461514986478,155.33235258214614,91537.7,False,1.0,1353869.580102093,1371166.5043791442,-17296.92427705112,GICRE.BO,False,True,False
2021-09-21,147.0,145.0,24702,0.9941720530137493,957727.9117933117,1501981.5261813218,-544253.6143880101,146.90384615384616,154.34852914249197,85998.3,False,1.0,1353869.580102093,1371166.5043791442,-17296.92427705112,GICRE.BO,False,True,False
2021-09-22,144.3000030517578,143.9499969482422,79820,0.9927585996430496,950792.6205509902,1501981.5261813218,-551188.9056303316,146.45384568434494,153.40147040872012,88152.8,False,1.0,1353869.580102093,1371166.5043791442,-17296.92427705112,GICRE.BO,False,True,False
2021-09-23,144.8000030517578,143.4499969482422,61349,0.9965265716526568,947490.1105103238,1501981.5261813218,-554491.415670998,145.9423065185547,152.49705864401426,90538.2,False,1.0,1353869.580102093,1371166.5043791442,-17296.92427705112,GICRE.BO,False,True,False
2021-09-24,143.39999389648438,146.1999969482422,154244,1.019170443070781,965653.9157339899,1501981.5261813218,-536327.6104473319,145.81538273737982,151.7720583747415,97180.5,False,1.0,1353869.580102093,1371166.5043791442,-17296.92427705112,GICRE.BO,False,True,False
2021-09-27,148.4499969482422,144.14999389648438,80822,0.9859780910085548,952113.6044103353,1501981.5261813218,-549867.9217709865,145.5999978872446,150.98823457605698,96241.2,False,1.0,1353869.580102093,1371166.5043791442,-17296.92427705112,GICRE.BO,False,True,False
2021-09-28,144.14999389648438,142.64999389648438,59959,0.989594172296135,942206.0742883355,1501981.5261813218,-559775.4518929863,145.42307457557092,150.1911755730124,86482.7,False,1.0,1353869.580102093,1371166.5043791442,-17296.92427705112,GICRE.BO,False,True,False
2021-09-29,142.64999389648438,137.9499969482422,181225,0.9670522457109055,911162.5000629912,1501981.5261813218,-590819.0261183307,144.9423053448017,149.3161755730124,100446.6,False,1.0,1353869.580102093,1371166.5043791442,-17296.92427705112,GICRE.BO,False,True,False
2021-09-30,138.1999969482422,144.89999389648438,420707,1.050380551663584,957067.3694713351,1501981.5261813218,-544914.1567099867,144.97692049466647,148.7367634492762,133329.2,False,1.0,1353869.580102093,1371166.5043791442,-17296.92427705112,GICRE.BO,False,True,False
2021-10-01,145.5,144.25,51320,0.9955141896213693,952774.1467323118,1501981.5261813218,-549207.37944901,144.69615173339844,148.09117530373965,121222.3,False,1.0,1353869.580102093,1371166.5043791442,-17296.92427705112,GICRE.BO,False,True,False
2021-10-04,144.3000030517578,144.25,73393,1.0,952774.1467323118,1501981.5261813218,-549207.37944901,144.4423053448017,147.48823412726907,118754.1,False,1.0,1353869.580102093,1371166.5043791442,-17296.92427705112,GICRE.BO,False,True,False
2021-10-05,144.0,144.85000610351562,149057,1.0041594877193458,956737.199094955,1501981.5261813218,-545244.3270863668,144.2576904296875,147.10146960090188,131189.6,False,1.0,1353869.580102093,1371166.5043791442,-17296.92427705112,GICRE.BO,False,True,False
2021-10-06,145.9499969482422,143.39999389648438,118930,0.9899895606079919,947159.8393493354,1501981.5261813218,-554821.6868319864,143.91153658353366,146.73970480526194,135100.6,False,1.0,1353869.580102093,1371166.5043791442,-17296.92427705112,GICRE.BO,False,True,False
2021-10-07,144.5,145.5500030517578,126211,1.0149930909817573,961360.6929949666,1501981.5261813218,-540620.8331863552,143.88845942570612,146.59411665972542,141586.8,False,1.0,1353869.580102093,1371166.5043791442,-17296.92427705112,GICRE.BO,False,True,False
2021-10-08,147.0,146.10000610351562,49908,1.0037787910699132,964993.4741966216,1501981.5261813218,-536988.0519847003,143.97307527982272,146.55735195384307,131153.2,False,1.0,1353869.580102093,1371166.5043791442,-17296.92427705112,GICRE.BO,False,True,False
2021-10-11,147.0,145.6999969482422,86857,0.9972620866628162,962351.4056933234,1501981.5261813218,-539630.1204879985,144.1076906644381,146.7308811860926,131756.7,False,1.0,1353869.580102093,1371166.5043791442,-17296.92427705112,GICRE.BO,False,True,False
2021-10-12,147.8000030517578,146.10000610351562,29617,1.0027454300868348,964993.4741966216,1501981.5261813218,-536988.0519847003,144.31153752253607,146.9176460714901,128722.5,False,1.0,1353869.580102093,1371166.5043791442,-17296.92427705112,GICRE.BO,False,True,False
2021-10-13,144.89999389648438,149.6999969482422,325110,1.0246405933903648,988771.4860186559,1501981.5261813218,-513210.0401626659,144.58076829176682,146.65441086713005,143111.0,False,1.0,1353869.580102093,1371166.5043791442,-17296.92427705112,GICRE.BO,False,True,False
2021-10-14,150.75,147.9499969482422,132942,0.9883099530015017,977212.7008763228,1501981.5261813218,-524768.825304999,144.87307621882513,146.30294036865234,114334.5,False,1.0,1353869.580102093,1371166.5043791442,-17296.92427705112,GICRE.BO,False,True,False
2021-10-18,148.0,146.60000610351562,49544,0.9908753574006572,968295.9842372879,1501981.5261813218,-533685.5419440339,145.17692331167368,146.06764625100527,114156.9,False,1.0,1353869.580102093,1371166.5043791442,-17296.92427705112,GICRE.BO,False,True,False
2021-10-19,146.1999969482422,144.25,51607,0.9839699453910237,952774.1467323118,1501981.5261813218,-549207.37944901,145.66153893103967,145.8794111364028,111978.3,False,1.0,1353869.580102093,1371166.5043791442,-17296.92427705112,GICRE.BO,False,True,False
2021-10-20,144.10000610351562,140.75,93702,0.975736568457539,929656.5764476456,1501981.5261813218,-572324.9497336763,145.3423086313101,145.6588229011087,106442.8,False,1.0,1353869.580102093,1371166.5043791442,-17296.92427705112,GICRE.BO,False,True,False
2021-10-21,141.0,140.4499969482422,49556,0.9978685395967474,927675.0502663241,1501981.5261813218,-574306.4759149977,145.0500007042518,145.3794111364028,99505.4,False,1.0,1353869.580102093,1371166.5043791442,-17296.92427705112,GICRE.BO,False,True,False
2021-10-22,141.25,138.9499969482422,38906,0.9893200424877704,917767.5201443242,1501981.5261813218,-584214.0060369977,144.6423081618089,145.0602933098288,90774.9,False,1.0,1353869.580102093,1371166.5043791442,-17296.92427705112,GICRE.BO,False,True,False
2021-10-25,140.0,136.10000610351562,52281,0.9794890902675718,898943.2733832895,1501981.5261813218,-603038.2527980324,143.96923123873196,144.64852860394646,91012.2,False,1.0,1353869.580102093,1371166.5043791442,-17296.92427705112,GICRE.BO,False,True,False
2021-10-26,136.64999389648438,136.5500030517578,58590,1.0033063697873748,901915.5122629678,1501981.5261813218,-600066.0139183541,143.4423088660607,144.3161755730124,88185.5,False,1.0,1353869.580102093,1371166.5043791442,-17296.92427705112,GICRE.BO,False,True,False
2021-10-27,138.0,137.3000030517578,37807,1.005492493469339,906869.2773239677,1501981.5261813218,-595112.2488573542,142.8076934814453,144.03235222311582,89004.5,False,1.0,1353869.580102093,1371166.5043791442,-17296.92427705112,GICRE.BO,False,True,False
2021-10-28,137.0,135.60000610351562,78157,0.9876183764715479,895640.7633426229,1501981.5261813218,-606340.7628386989,142.000001173753,143.75735249238855,64309.2,False,1.0,1353869.580102093,1371166.5043791442,-17296.92427705112,GICRE.BO,False,True,False
2021-10-29,137.1999969482422,133.4499969482422,64889,0.9841444759697714,881439.9096969916,1501981.5261813218,-620541.6164843303,141.0576934814453,143.44117602180032,57503.9,False,1.0,1353869.580102093,1371166.5043791442,-17296.92427705112,GICRE.BO,False,True,False
2021-11-01,135.39999389648438,133.14999389648438,67694,0.9977519441092669,879458.3835156701,1501981.5261813218,-622523.1426656517,140.06153869628906,143.10882299086626,59318.9,False,1.0,1353869.580102093,1371166.5043791442,-17296.92427705112,GICRE.BO,False,True,False
2021-11-02,134.8000030517578,135.9499969482422,56272,1.021028938641444,897952.4599003246,1501981.5261813218,-604029.0662809972,139.00384638859674,142.75735249238855,59785.4,False,1.0,1353869.580102093,1371166.5043791442,-17296.92427705112,GICRE.BO,False,True,False
2021-11-03,137.6999969482422,135.85000610351562,38124,0.9992645027806464,897292.0183629561,1501981.5261813218,-604689.5078183657,138.07307786207932,142.4132349350873,54227.6,False,1.0,1353869.580102093,1371166.5043791442,-17296.92427705112,GICRE.BO,False,True,False
2021-11-04,137.0,137.8000030517578,18526,1.0143540438765701,910171.7873646342,1501981.5261813218,-591809.7388166876,137.39615455040564,142.13529384837432,51124.6,False,1.0,1353869.580102093,1371166.5043791442,-17296.92427705112,GICRE.BO,False,True,False
2021-11-08,138.0500030517578,139.8000030517578,54647,1.0145137877772672,923381.8275273005,1501981.5261813218,-578599.6986540214,137.05384709284857,141.89705882352942,52698.7,False,1.0,1353869.580102093,1371166.5043791442,-17296.92427705112,GICRE.BO,False,True,False
2021-11-09,142.0,139.75,25705,0.9996423243872227,923051.5563663122,1501981.5261813218,-578929.9698150096,136.97692401592548,141.71764687930838,50041.1,False,1.0,1353869.580102093,1371166.5043791442,-17296.92427705112,GICRE.BO,False,True,False
2021-11-10,140.1999969482422,140.3000030517578,14812,1.0039356211217016,926684.3375679671,1501981.5261813218,-575297.1886133547,136.96538602388821,141.5794116749483,45663.3,False,1.0,1353869.580102093,1371166.5043791442,-17296.92427705112,GICRE.BO,False,True,False
2021-11-11,142.5,147.8000030517578,428186,1.0534568769555421,976221.988177966,1501981.5261813218,-525759.5380033558,137.64615572415866,141.6926471485811,84701.2,False,1.0,1353869.580102093,1371166.5043791442,-17296.92427705112,GICRE.BO,False,True,False
2021-11-12,149.4499969482422,147.0500030517578,55414,0.9949255752062647,971268.2231169662,1501981.5261813218,-530713.3030643556,138.48846318171576,141.79852968103745,82426.9,False,1.0,1353869.580102093,1371166.5043791442,-17296.92427705112,GICRE.BO,False,True,False
2021-11-15,145.0,144.5,23820,0.9826589391442564,954425.4017526449,1501981.5261813218,-547556.1244286769,139.1000014085036,141.74852977079505,78320.0,False,1.0,1353869.580102093,1371166.5043791442,-17296.92427705112,GICRE.BO,False,True,False
2021-11-16,144.10000610351562,144.10000610351562,48392,0.9972318761488971,951783.434033955,1501981.5261813218,-550198.0921473668,139.62307856633112,141.74705954159006,76389.8,False,1.0,1353869.580102093,1371166.5043791442,-17296.92427705112,GICRE.BO,False,True,False
2021-11-17,144.9499969482422,142.9499969482422,11780,0.9920193677545904,944187.6004696569,1501981.5261813218,-557793.925711665,140.18846247746393,141.75588316075942,71940.6,False,1.0,1353869.580102093,1371166.5043791442,-17296.92427705112,GICRE.BO,False,True,False
2021-11-18,143.1999969482422,145.8000030517578,148592,1.0199370840458817,963011.9480152997,1501981.5261813218,-538969.5781660221,141.13846294696515,141.98676569321577,82987.4,False,1.0,1353869.580102093,1371166.5043791442,-17296.92427705112,GICRE.BO,False,True,False
2021-11-22,148.5,142.3000030517578,41759,0.9759945135340119,939894.3777306337,1501981.5261813218,-562087.1484506881,141.8423098050631,141.91029537425322,85310.7,False,1.0,1353869.580102093,1371166.5043791442,-17296.92427705112,GICRE.BO,False,True,False
2021-11-23,143.0,142.75,31997,1.0031623115853239,942866.616610312,1501981.5261813218,-559114.9095710098,142.36538696289062,141.86617772719438,83045.7,False,1.0,1353869.580102093,1371166.5043791442,-17296.92427705112,GICRE.BO,True,False,False
2021-11-24,146.0,147.5,49266,1.0332749562171628,974240.4619966446,1501981.5261813218,-527741.0641846772,143.26154033954327,141.9617659624885,85401.8,False,1.0,1353869.580102093,1371166.5043791442,-17296.92427705112,GICRE.BO,True,False,False
2021-11-25,149.6999969482422,145.14999389648438,30123,0.9840677552304026,958718.6244916683,1501981.5261813218,-543262.9016896535,143.8269242506761,141.97058913286995,86932.9,False,1.0,1353869.580102093,1371166.5043791442,-17296.92427705112,GICRE.BO,True,False,False
2021-11-26,146.89999389648438,141.3000030517578,60988,0.9734757767370473,933289.3576493005,1501981.5261813218,-568692.1685320213,143.9423088660607,141.90882469626035,50213.1,True,1.0,1353869.580102093,1371166.5043791442,-17296.92427705112,GICRE.BO,True,False,False
2021-11-29,141.4499969482422,142.10000610351562,56576,1.0056617341435214,938573.3938712886,1501981.5261813218,-563408.1323100332,144.12307856633112,141.80735419778262,50329.3,True,1.0056617341435214,1361534.8297296322,1371166.5043791442,-9631.67464951193,GICRE.BO,True,False,False
2021-11-30,143.9499969482422,141.5,62080,0.9957775786224912,934610.3415086456,1501981.5261813218,-567371.1846726763,144.21538602388821,141.6720599006204,54155.3,True,0.9957775786224912,1355785.8559583589,1371166.5043791442,-15380.648420785321,GICRE.BO,True,False,False
2021-12-01,144.3000030517578,143.10000610351562,25055,1.0113074636290857,945178.4139526219,1501981.5261813218,-556803.1122287,143.85384779710037,141.59558958165786,51821.6,False,1.0,1355785.8559583589,1371166.5043791442,-15380.648420785321,GICRE.BO,True,False,False
2021-12-02,145.0,142.64999389648438,35600,0.9968552607418778,942206.0742883355,1501981.5261813218,-559775.4518929863,143.51538555438702,141.49411863439224,54203.6,False,1.0,1355785.8559583589,1371166.5043791442,-15380.648420785321,GICRE.BO,True,False,False
2021-12-03,144.5,141.14999389648438,76549,0.9894847524417807,932298.5441663356,1501981.5261813218,-569682.9820149862,143.2576927771935,141.24264795639937,46999.3,True,1.0,1355785.8559583589,1371166.5043791442,-15380.648420785321,GICRE.BO,True,False,False
2021-12-06,146.0,140.10000610351562,16795,0.9925611913682492,925363.3537086223,1501981.5261813218,-576618.1724726995,142.9500004695012,141.01176587273093,44502.9,False,1.0,1355785.8559583589,1371166.5043791442,-15380.648420785321,GICRE.BO,True,False,False
2021-12-07,141.0500030517578,140.64999389648438,32854,1.003925680007197,928996.034125669,1501981.5261813218,-572985.4920556528,142.77307715782752,140.83676551370058,44588.6,False,1.0,1355785.8559583589,1371166.5043791442,-15380.648420785321,GICRE.BO,True,False,False
2021-12-08,141.0,141.9499969482422,27756,1.009242823378397,937582.5803883239,1501981.5261813218,-564398.945792998,142.47692284217248,140.76911836511948,42437.6,False,1.0,1355785.8559583589,1371166.5043791442,-15380.648420785321,GICRE.BO,True,False,False
2021-12-09,142.9499969482422,141.0,37880,0.9933075239967172,931307.831467979,1501981.5261813218,-570673.6947133428,142.37692260742188,140.77647130629595,43213.3,False,1.0,1355785.8559583589,1371166.5043791442,-15380.648420785321,GICRE.BO,True,False,False
2021-12-10,142.5,140.3000030517578,18804,0.9950354826365803,926684.3375679674,1501981.5261813218,-575297.1886133545,142.18846130371094,140.77205972110525,38994.9,False,1.0,1355785.8559583589,1371166.5043791442,-15380.648420785321,GICRE.BO,True,False,False
2021-12-13,142.8000030517578,138.9499969482422,41717,0.9903777186446846,917767.5201443244,1501981.5261813218,-584214.0060369974,141.53076876126804,140.77205972110525,37509.0,True,1.0,1355785.8559583589,1371166.5043791442,-15380.648420785321,GICRE.BO,True,False,False
2021-12-14,139.0500030517578,139.75,58027,1.0057574888040899,923051.5563663127,1501981.5261813218,-578929.9698150092,141.1153846153846,140.87941248276655,37103.7,True,1.0057574888040899,1363591.7778447827,1371166.5043791442,-7574.726534361485,GICRE.BO,True,False,False
2021-12-15,141.35000610351562,138.60000610351562,31253,0.9917710633525268,915455.8235866228,1501981.5261813218,-586525.702594699,140.9076925424429,140.9397066901712,37723.5,False,1.0,1363591.7778447827,1371166.5043791442,-7574.726534361485,GICRE.BO,False,True,False
2021-12-16,137.5,137.64999389648438,28775,0.9931456553737688,909180.9738816697,1501981.5261813218,-592800.5522996521,140.5653839111328,140.9500005385455,37041.0,False,1.0,1363591.7778447827,1371166.5043791442,-7574.726534361485,GICRE.BO,False,True,False
2021-12-17,137.5,140.25,46775,1.0188885304671418,926354.0664069792,1501981.5261813218,-575627.4597743426,140.46923006497897,141.0867650649127,34063.6,False,1.0,1363591.7778447827,1371166.5043791442,-7574.726534361485,GICRE.BO,False,True,False
2021-12-20,141.8000030517578,133.6999969482422,96807,0.9532976609500334,883091.1647173252,1501981.5261813218,-618890.3614639966,139.74615243765024,141.09411800608916,42064.8,False,1.0,1363591.7778447827,1371166.5043791442,-7574.726534361485,GICRE.BO,False,True,False
2021-12-21,136.3000030517578,135.25,13789,1.0115931420129938,893328.9660003133,1501981.5261813218,-608652.5601810085,139.17692213792068,141.15588289148667,40158.3,False,1.0,1363591.7778447827,1371166.5043791442,-7574.726534361485,GICRE.BO,False,True,False
2021-12-22,134.0500030517578,136.0500030517578,7261,1.005914994837396,898613.0022223014,1501981.5261813218,-603368.5239590204,138.78461514986478,141.15882424747244,38108.8,False,1.0,1363591.7778447827,1371166.5043791442,-7574.726534361485,GICRE.BO,False,True,False
2021-12-23,136.5,134.85000610351562,38336,0.9911797359696811,890686.9982816232,1501981.5261813218,-611294.5278996986,138.38076899601862,141.12941248276655,38154.4,False,1.0,1363591.7778447827,1371166.5043791442,-7574.726534361485,GICRE.BO,False,True,False
2021-12-24,134.5500030517578,134.5,6988,0.9974044784006391,888375.2009393133,1501981.5261813218,-613606.3252420085,137.9076925424429,141.03235356947954,36972.8,False,1.0,1363591.7778447827,1371166.5043791442,-7574.726534361485,GICRE.BO,False,True,False
2021-12-27,134.0,135.1999969482422,19864,1.0052044382768937,892998.6948393249,1501981.5261813218,-608982.8313419969,137.38846177321213,140.89705927231734,34787.5,False,1.0,1363591.7778447827,1371166.5043791442,-7574.726534361485,GICRE.BO,False,True,False
2021-12-28,135.0,135.8000030517578,16388,1.0044379150670049,896961.7472019681,1501981.5261813218,-605019.7789793537,136.98846200796274,140.78088289148667,30623.6,False,1.0,1363591.7778447827,1371166.5043791442,-7574.726534361485,GICRE.BO,False,True,False
2021-12-29,135.0500030517578,134.9499969482422,26625,0.9937407504829608,891347.4398189916,1501981.5261813218,-610634.0863623302,136.57692307692307,140.62352977079505,30160.8,False,1.0,1363591.7778447827,1371166.5043791442,-7574.726534361485,GICRE.BO,False,True,False
2021-12-30,135.60000610351562,134.1999969482422,35053,0.9944423859432346,886393.6747579917,1501981.5261813218,-615587.8514233301,136.21153846153845,140.22352959127988,30788.6,False,1.0,1363591.7778447827,1371166.5043791442,-7574.726534361485,GICRE.BO,False,True,False
2021-12-31,134.5,140.5500030517578,322521,1.0473174832184584,928335.5925883007,1501981.5261813218,-573645.9335930211,136.27307715782752,140.03235312069162,58363.2,False,1.0,1363591.7778447827,1371166.5043791442,-7574.726534361485,GICRE.BO,False,True,False
2022-01-03,143.0,140.0500030517578,58930,0.9964425472134933,925033.0825476341,1501981.5261813218,-576948.4436336877,136.3846153846154,139.90147085750803,54575.5,False,1.0,1363591.7778447827,1371166.5043791442,-7574.726534361485,GICRE.BO,False,True,False
2022-01-04,139.0,139.35000610351562,33319,0.9950018069761591,920409.5886476226,1501981.5261813218,-581571.9375336992,136.51538555438702,139.7617649751551,56528.5,False,1.0,1363591.7778447827,1371166.5043791442,-7574.726534361485,GICRE.BO,False,True,False
2022-01-05,139.0500030517578,142.64999389648438,199387,1.0236812891885871,942206.0742883355,1501981.5261813218,-559775.4518929863,136.7000004695012,139.75294135598574,75741.1,False,1.0,1363591.7778447827,1371166.5043791442,-7574.726534361485,GICRE.BO,False,True,False
2022-01-06,140.3000030517578,140.39999389648438,32494,0.9842271286626711,927344.7791053358,1501981.5261813218,-574636.747075986,137.21538485013522,139.59411755730125,75156.9,False,1.0,1363591.7778447827,1371166.5043791442,-7574.726534361485,GICRE.BO,False,True,False
2022-01-07,141.39999389648438,139.9499969482422,36995,0.9967948933917051,924372.5402256576,1501981.5261813218,-577608.9859556642,137.57692307692307,139.52499973072725,78157.6,False,1.0,1363591.7778447827,1371166.5043791442,-7574.726534361485,GICRE.BO,False,True,False
2022-01-10,139.9499969482422,143.39999389648438,52153,1.024651640039107,947159.8393493355,1501981.5261813218,-554821.6868319863,138.14230698805588,139.5441171982709,81386.5,False,1.0,1363591.7778447827,1371166.5043791442,-7574.726534361485,GICRE.BO,False,True,False
2022-01-11,141.5,141.3000030517578,40129,0.9853557117565677,933289.3576493008,1501981.5261813218,-568692.168532021,138.63846059945914,139.36176434685203,83760.6,False,1.0,1363591.7778447827,1371166.5043791442,-7574.726534361485,GICRE.BO,False,True,False
2022-01-12,142.0,142.75,25020,1.0102618323915469,942866.6166103125,1501981.5261813218,-559114.9095710093,139.27307598407452,139.29117629107307,83600.1,False,1.0,1363591.7778447827,1371166.5043791442,-7574.726534361485,GICRE.BO,False,True,False
2022-01-13,142.0,142.0500030517578,43131,0.9950963436200198,938243.1227103008,1501981.5261813218,-563738.403471021,139.7999995304988,139.3132351146025,84407.9,False,1.0,1363591.7778447827,1371166.5043791442,-7574.726534361485,GICRE.BO,True,False,False
2022-01-14,141.10000610351562,140.89999389648438,103219,0.9919041947865751,930647.2891460027,1501981.5261813218,-571334.2370353191,140.1923065185547,139.2779406379251,62477.7,True,1.0,1363591.7778447827,1371166.5043791442,-7574.726534361485,GICRE.BO,True,False,False
2022-01-17,142.0,141.35000610351562,19618,1.0031938412102548,933619.6288102892,1501981.5261813218,-568361.8973710326,140.6846149151142,139.27352905273438,58546.5,False,1.0,1363591.7778447827,1371166.5043791442,-7574.726534361485,GICRE.BO,True,False,False
2022-01-18,142.0,140.35000610351562,43050,0.992925362880652,927014.6087289561,1501981.5261813218,-574966.9174523657,141.1576925424429,139.1926466997932,59519.6,False,1.0,1363591.7778447827,1371166.5043791442,-7574.726534361485,GICRE.BO,True,False,False
2022-01-19,140.10000610351562,140.89999389648438,23655,1.0039186873462842,930647.2891460028,1501981.5261813218,-571334.237035319,141.1846149151142,139.1411761115579,41946.4,False,1.0,1363591.7778447827,1371166.5043791442,-7574.726534361485,GICRE.BO,True,False,False
2022-01-20,142.0,139.9499969482422,16586,0.9932576508914533,924372.5402256579,1501981.5261813218,-577608.985955664,141.17692213792068,139.10588208366843,40355.6,False,1.0,1363591.7778447827,1371166.5043791442,-7574.726534361485,GICRE.BO,True,False,False
2022-01-21,139.0,137.64999389648438,29876,0.9835655369638313,909180.9738816699,1501981.5261813218,-592800.5522996519,141.04615196814905,139.0338229011087,39643.7,False,1.0,1363591.7778447827,1371166.5043791442,-7574.726534361485,GICRE.BO,True,False,False
2022-01-24,136.0,134.10000610351562,51446,0.974210040316904,885733.2332206237,1501981.5261813218,-616248.2929606981,140.38846059945914,138.84117620131548,39573.0,True,1.0,1363591.7778447827,1371166.5043791442,-7574.726534361485,GICRE.BO,True,False,False
2022-01-25,134.0,133.89999389648438,42780,0.9985084847283537,884412.1485766704,1501981.5261813218,-617569.3776046514,139.88846059945914,138.60441140567556,39838.1,True,0.9985084847283537,1361557.9598838359,1371166.5043791442,-9608.544495308306,GICRE.BO,True,False,False
2022-01-27,135.89999389648438,135.4499969482422,72114,1.0115758261569159,894649.9498596585,1501981.5261813218,-607331.5763216633,139.5423067533053,138.44117602180032,44547.5,True,1.0115758261569159,1377319.1181300161,1377319.1181300161,0.0,GICRE.BO,True,False,False
2022-01-28,136.0,138.9499969482422,93189,1.0258397938638375,917767.5201443246,1501981.5261813218,-584214.0060369972,139.1999992957482,138.40146995993223,49553.3,True,1.0258397938638375,1412908.7602272183,1412908.7602272183,0.0,GICRE.BO,True,False,False
2022-01-31,141.85000610351562,142.8000030517578,105330,1.0277078530987642,943196.8877713007,1501981.5261813218,-558784.6384100211,139.3153839111328,138.51470543356504,49764.4,True,1.0277078530987642,1452057.428597551,1452057.428597551,0.0,GICRE.BO,True,False,False
2022-02-01,144.5,140.0500030517578,161432,0.980742297330321,925033.0825476345,1501981.5261813218,-576948.4436336873,139.1076918381911,138.52352905273438,63945.8,True,0.980742297330321,1424094.138378321,1452057.428597551,-27963.29021923011,GICRE.BO,True,False,False
2022-02-02,141.89999389648438,141.60000610351562,147539,1.0110674974507854,935270.8838306227,1501981.5261813218,-566710.6423506992,139.07307668832632,138.61176434685203,74394.7,True,1.0110674974507854,1439855.2966245015,1452057.428597551,-12202.131973049603,GICRE.BO,True,False,False
2022-02-03,141.9499969482422,139.64999389648438,46793,0.9862287279450701,922391.0140443364,1501981.5261813218,-579590.5121369854,138.97692284217248,138.6705878762638,76708.5,False,1.0,1439855.2966245015,1452057.428597551,-12202.131973049603,GICRE.BO,True,False,False
2022-02-04,140.0,139.0,18801,0.9953455501260803,918097.7913053131,1501981.5261813218,-583883.7348760087,138.79615314190204,138.63382317038145,76930.0,False,1.0,1439855.2966245015,1452057.428597551,-12202.131973049603,GICRE.BO,True,False,False
2022-02-07,140.0,137.89999389648438,13977,0.9920862870250674,910832.2289020034,1501981.5261813218,-591149.2972793184,138.6076906644381,138.75735249238855,75340.1,False,1.0,1439855.2966245015,1452057.428597551,-12202.131973049603,GICRE.BO,False,True,False
2022-02-08,137.64999389648438,136.25,35112,0.9880348515626262,899933.9860816468,1501981.5261813218,-602047.5400996751,138.249998826247,138.78676425709443,73706.7,False,1.0,1439855.2966245015,1452057.428597551,-12202.131973049603,GICRE.BO,False,True,False
2022-02-09,135.60000610351562,137.3000030517578,13014,1.007706444416571,906869.2773239682,1501981.5261813218,-595112.2488573536,138.04615314190204,138.82352896297678,70730.1,False,1.0,1439855.2966245015,1452057.428597551,-12202.131973049603,GICRE.BO,False,True,False
2022-02-10,138.89999389648438,139.89999389648438,66459,1.0189365680039093,924042.2690646697,1501981.5261813218,-577939.2571166521,138.21923006497897,138.97205801571116,70164.6,False,1.0,1439855.2966245015,1452057.428597551,-12202.131973049603,GICRE.BO,False,True,False
2022-02-11,117.5,135.5500030517578,78997,0.9689064257719322,895310.4921816351,1501981.5261813218,-606671.0339996867,138.33076829176682,139.00294045840994,68745.4,False,1.0,1439855.2966245015,1452057.428597551,-12202.131973049603,GICRE.BO,False,True,False
2022-02-15,134.75,133.25,51762,0.9830320693472829,880118.9258376472,1501981.5261813218,-621862.6003436747,138.28076876126804,138.94558760699104,63388.6,False,1.0,1439855.2966245015,1452057.428597551,-12202.131973049603,GICRE.BO,False,True,False
2022-02-16,133.8000030517578,132.6999969482422,26183,0.9958723973601665,876486.1446359922,1501981.5261813218,-625495.3815453296,138.06923029972955,138.85441095688765,49863.7,False,1.0,1439855.2966245015,1452057.428597551,-12202.131973049603,GICRE.BO,False,True,False
2022-02-17,132.60000610351562,131.6999969482422,19644,0.9924642048003208,869881.124554659,1501981.5261813218,-632100.4016266628,137.51153799203726,138.75882272159353,37074.2,False,1.0,1439855.2966245015,1452057.428597551,-12202.131973049603,GICRE.BO,False,True,False
2022-02-18,132.3000030517578,129.39999389648438,19663,0.9825360432418103,854689.5582106711,1501981.5261813218,-647291.9679706508,136.48076805701623,138.6176461612477,34361.2,False,1.0,1439855.2966245015,1452057.428597551,-12202.131973049603,GICRE.BO,False,True,False
2022-02-21,127.4000015258789,125.80000305175781,55717,0.9721793584657629,830911.5463886365,1501981.5261813218,-671069.9797926854,135.38461421086237,138.18382263183594,38052.8,False,1.0,1439855.2966245015,1452057.428597551,-12202.131973049603,GICRE.BO,False,True,False
2022-02-22,120.05000305175781,122.25,47283,0.9717805805593086,807463.7049429821,1501981.5261813218,-694517.8212383398,133.89615220289963,137.66029313031365,41383.4,False,1.0,1439855.2966245015,1452057.428597551,-12202.131973049603,GICRE.BO,False,True,False
2022-02-23,123.5,122.05000305175781,34365,0.9983640331432132,806142.7210836371,1501981.5261813218,-695838.8050976847,132.5423067533053,137.1514695111443,41308.7,False,1.0,1439855.2966245015,1452057.428597551,-12202.131973049603,GICRE.BO,False,True,False
2022-02-24,120.0,110.94999694824219,174961,0.9090536187958271,732826.9578669954,1501981.5261813218,-769154.5683143265,130.38461421086237,136.21911665972542,57503.4,False,1.0,1439855.2966245015,1452057.428597551,-12202.131973049603,GICRE.BO,False,True,False
2022-02-25,110.0,114.69999694824219,88136,1.033799009492081,757595.7831719948,1501981.5261813218,-744385.743009327,128.5999990609976,135.46323439654182,59671.1,False,1.0,1439855.2966245015,1452057.428597551,-12202.131973049603,GICRE.BO,False,True,False
2022-02-28,113.0,115.80000305175781,40519,1.0095902888647155,764861.3455753046,1501981.5261813218,-737120.1806060172,127.02692237267128,134.75294045840994,55823.3,False,1.0,1439855.2966245015,1452057.428597551,-12202.131973049603,GICRE.BO,False,True,False
2022-03-02,116.0,116.6500015258789,29564,1.007340228425911,770475.602565977,1501981.5261813218,-731505.9236153448,125.43846071683444,133.96617597692153,53603.5,False,1.0,1439855.2966245015,1452057.428597551,-12202.131973049603,GICRE.BO,False,True,False
2022-03-03,118.0,115.80000305175781,46399,0.9927132579253973,764861.3455753047,1501981.5261813218,-737120.1806060171,123.58461526724008,133.21617597692153,55625.1,False,1.0,1439855.2966245015,1452057.428597551,-12202.131973049603,GICRE.BO,False,True,False
2022-03-04,117.0,114.0,59853,0.984455932605172,752972.2892719833,1501981.5261813218,-749009.2369093385,121.92692272479718,132.37058774162742,59646.0,False,1.0,1439855.2966245015,1452057.428597551,-12202.131973049603,GICRE.BO,False,True,False
2022-03-07,113.0,112.1500015258789,72321,0.983771943209464,740753.0121999776,1501981.5261813218,-761228.5139813442,120.30384591909555,131.49117593204275,64911.8,False,1.0,1439855.2966245015,1452057.428597551,-12202.131973049603,GICRE.BO,False,True,False
2022-03-08,112.0,111.3499984741211,108602,0.9928666692744252,735468.9759779895,1501981.5261813218,-766512.5502033323,118.66153834416316,130.6220584196203,70200.3,False,1.0,1439855.2966245015,1452057.428597551,-12202.131973049603,GICRE.BO,False,True,False
2022-03-09,113.0,114.75,34179,1.030534365266912,757926.0543329831,1501981.5261813218,-744055.4718483387,117.35769242506761,129.83970529892866,68889.9,False,1.0,1439855.2966245015,1452057.428597551,-12202.131973049603,GICRE.BO,False,True,False
2022-03-10,118.9000015258789,116.0999984741211,45365,1.0117646925849333,766842.8213643221,1501981.5261813218,-735138.7048169997,116.33461585411659,129.12646978041704,69989.9,False,1.0,1439855.2966245015,1452057.428597551,-12202.131973049603,GICRE.BO,False,True,False
2022-03-11,116.4000015258789,115.69999694824219,41568,0.9965546810410332,764200.8032533281,1501981.5261813218,-737780.7229279937,115.5576923076923,128.3852933995864,56650.6,False,1.0,1439855.2966245015,1452057.428597551,-12202.131973049603,GICRE.BO,False,True,False
2022-03-14,116.0,114.3499984741211,54281,0.9883319057067477,755284.0362219891,1501981.5261813218,-746697.4899593327,114.9499998826247,127.6323522679946,53265.1,False,1.0,1439855.2966245015,1452057.428597551,-12202.131973049603,GICRE.BO,False,True,False
2022-03-15,114.80000305175781,114.30000305175781,39265,0.9995627859813694,754953.8154533049,1501981.5261813218,-747027.7107280169,114.35384603647086,126.945587831385,53139.7,False,1.0,1439855.2966245015,1452057.428597551,-12202.131973049603,GICRE.BO,False,True,False
2022-03-16,115.0,122.4000015258789,486822,1.0708661264904185,808454.4680336429,1501981.5261813218,-693527.058147679,115.23461561936598,126.6014700496898,98865.5,False,1.0,1439855.2966245015,1452057.428597551,-12202.131973049603,GICRE.BO,False,True,False
2022-03-17,123.0,119.3499984741211,264186,0.9750816747243835,788309.136628655,1501981.5261813218,-713672.3895526668,115.5923080444336,126.17352900785558,120644.2,False,1.0,1439855.2966245015,1452057.428597551,-12202.131973049603,GICRE.BO,False,True,False
2022-03-21,120.9000015258789,117.5999984741211,51152,0.9853372432142975,776750.3514863219,1501981.5261813218,-725231.1746949999,115.73076923076923,125.64852905273438,119774.1,False,1.0,1439855.2966245015,1452057.428597551,-12202.131973049603,GICRE.BO,False,True,False
2022-03-22,117.0,116.1500015258789,77578,0.9876700938175499,767173.0925253105,1501981.5261813218,-734808.4336560114,115.6923076923077,124.97794095207664,120299.8,False,1.0,1439855.2966245015,1452057.428597551,-12202.131973049603,GICRE.BO,False,True,False
2022-03-23,117.0,115.55000305175781,68294,0.9948342792403028,763210.0905549712,1501981.5261813218,-738771.4356263506,115.67307692307692,124.17647036384133,116269.0,False,1.0,1439855.2966245015,1452057.428597551,-12202.131973049603,GICRE.BO,False,True,False
2022-03-24,115.5999984741211,115.05000305175781,34698,0.99567286900221,759907.5805143047,1501981.5261813218,-742073.9456670171,115.75384638859676,123.44117624619427,116320.9,False,1.0,1439855.2966245015,1452057.428597551,-12202.131973049603,GICRE.BO,False,True,False
2022-03-25,116.44999694824219,115.4000015258789,85585,1.0030421422410882,762219.3274643105,1501981.5261813218,-739762.1987170114,116.00384638859676,122.67058787626378,120342.9,False,1.0,1439855.2966245015,1452057.428597551,-12202.131973049603,GICRE.BO,False,True,False
2022-03-28,115.9000015258789,112.4000015258789,123351,0.9740034665482458,742404.2672203109,1501981.5261813218,-759577.258961011,116.08461585411659,121.86911751242245,128521.2,False,1.0,1439855.2966245015,1452057.428597551,-12202.131973049603,GICRE.BO,False,True,False
2022-03-29,113.0999984741211,112.05000305175781,60830,0.9968861346141484,740092.520270305,1501981.5261813218,-761889.0059110168,115.87692378117488,121.0764705433565,129176.1,False,1.0,1439855.2966245015,1452057.428597551,-12202.131973049603,GICRE.BO,False,True,False
2022-03-30,112.44999694824219,116.19999694824219,180192,1.037036981556952,767503.3132939944,1501981.5261813218,-734478.2128873274,115.88461597149188,120.43823533899644,143268.8,False,1.0,1439855.2966245015,1452057.428597551,-12202.131973049603,GICRE.BO,False,True,False
2022-03-31,115.25,113.9000015258789,64078,0.9802065793221342,752311.7973423105,1501981.5261813218,-749669.7288390113,115.74615478515625,119.78088244269875,100994.4,False,1.0,1439855.2966245015,1452057.428597551,-12202.131973049603,GICRE.BO,False,True,False
2022-04-01,113.5999984741211,117.19999694824219,51796,1.0289727425650077,774108.3333753276,1501981.5261813218,-727873.1928059942,115.96538543701172,119.18970579259536,79755.4,False,1.0,1439855.2966245015,1452057.428597551,-12202.131973049603,GICRE.BO,False,True,False
2022-04-04,118.0,119.0999984741211,54140,1.0162116175371403,786657.8816083216,1501981.5261813218,-715323.6445730003,116.33461585411659,118.57794122134938,80054.2,False,1.0,1439855.2966245015,1452057.428597551,-12202.131973049603,GICRE.BO,False,True,False
2022-04-05,120.0,120.5,33732,1.0117548408380803,795904.9198006487,1501981.5261813218,-706076.6063806731,116.18846189058743,118.13529407276826,75669.6,False,1.0,1439855.2966245015,1452057.428597551,-12202.131973049603,GICRE.BO,False,True,False
2022-04-06,118.9000015258789,124.9000015258789,121874,1.0365145354844723,824967.0182369755,1501981.5261813218,-677014.5079443463,116.61538520226112,117.88970588235294,81027.6,False,1.0,1439855.2966245015,1452057.428597551,-12202.131973049603,GICRE.BO,False,True,False
2022-04-07,126.8499984741211,125.55000305175781,119943,1.0052041754838907,829260.2913683028,1501981.5261813218,-672721.234813019,117.22692401592548,117.67941194422104,89552.1,False,1.0,1439855.2966245015,1452057.428597551,-12202.131973049603,GICRE.BO,False,True,False
2022-04-08,127.4000015258789,125.94999694824219,20828,1.003185932988942,831902.2590869928,1501981.5261813218,-670079.267094329,117.98076981764574,117.51029429716222,83076.4,False,1.0,1439855.2966245015,1452057.428597551,-12202.131973049603,GICRE.BO,True,False,False
2022-04-11,125.0,124.6500015258789,42572,0.9896784799216986,823315.763216642,1501981.5261813218,-678665.7629646799,118.68076970027043,117.37058863920323,74998.5,False,1.0,1439855.2966245015,1452057.428597551,-12202.131973049603,GICRE.BO,True,False,False
2022-04-12,125.0,123.55000305175781,18940,0.9911753031636127,816050.2512056363,1501981.5261813218,-685931.2749756855,119.33461585411659,117.304412168615,70809.5,False,1.0,1439855.2966245015,1452057.428597551,-12202.131973049603,GICRE.BO,True,False,False
2022-04-13,124.0,122.69999694824219,20612,0.9931201450220966,810435.9438226599,1501981.5261813218,-691545.5823586619,119.89615396352914,117.31764737297507,54851.5,False,1.0,1439855.2966245015,1452057.428597551,-12202.131973049603,GICRE.BO,True,False,False
2022-04-18,120.0,121.0999984741211,45664,0.9869600773111998,799867.9217709877,1501981.5261813218,-702113.6044103341,120.56538449800931,117.2897060618681,53010.1,False,1.0,1439855.2966245015,1452057.428597551,-12202.131973049603,GICRE.BO,True,False,False
2022-04-19,120.0,121.80000305175781,43829,1.0057803846941114,804491.4660633034,1501981.5261813218,-697490.0601180184,121.31538449800931,117.60882388844209,52213.4,False,1.0,1439855.2966245015,1452057.428597551,-12202.131973049603,GICRE.BO,True,False,False
2022-04-20,121.80000305175781,120.8499984741211,37584,0.9922002910194262,798216.6667506543,1501981.5261813218,-703764.8594306675,121.67307692307692,117.78970628626206,50557.8,False,1.0,1439855.2966245015,1452057.428597551,-12202.131973049603,GICRE.BO,True,False,False
2022-04-21,122.0,122.4000015258789,22793,1.0128258425430574,808454.4680336424,1501981.5261813218,-693527.0581476794,122.32692307692308,117.98382388844209,49463.9,False,1.0,1439855.2966245015,1452057.428597551,-12202.131973049603,GICRE.BO,True,False,False
2022-04-22,122.4000015258789,121.8499984741211,13215,0.9955065110710679,804821.6868319875,1501981.5261813218,-697159.8393493344,122.68461550199069,118.1367649751551,38598.0,False,1.0,1439855.2966245015,1452057.428597551,-12202.131973049603,GICRE.BO,True,False,False
2022-04-25,121.5,119.3499984741211,34636,0.9794829706088921,788309.1366286547,1501981.5261813218,-713672.3895526672,122.70384627122145,118.24117660522461,30067.3,True,1.0,1439855.2966245015,1452057.428597551,-12202.131973049603,GICRE.BO,True,False,False
2022-04-26,119.5999984741211,120.0999984741211,84236,1.0062840386224439,793262.9016896546,1501981.5261813218,-708718.6244916673,122.67307692307692,118.4205883250517,36408.1,True,1.0062840386224439,1448903.4029192203,1452057.428597551,-3154.0256783307996,GICRE.BO,True,False,False
2022-04-27,121.5999984741211,119.5,48181,0.9950041758389333,789299.8997193155,1501981.5261813218,-712681.6264620064,122.257692190317,118.63676475076115,36969.0,True,0.9950041758389333,1441664.9362918648,1452057.428597551,-10392.492305686232,GICRE.BO,True,False,False
2022-04-28,120.1500015258789,118.69999694824219,31461,0.9933054137928217,784015.8634973273,1501981.5261813218,-717965.6626839945,121.73076864389273,118.8529411764706,38221.1,False,1.0,1441664.9362918648,1452057.428597551,-10392.492305686232,GICRE.BO,True,False,False
2022-04-29,120.5,130.6999969482422,631766,1.1010952005772372,863276.1044733254,1501981.5261813218,-638705.4217079964,122.09615325927734,119.32205873377183,99336.5,True,1.0,1441664.9362918648,1452057.428597551,-10392.492305686232,GICRE.BO,True,False,False
2022-05-04,134.39999389648438,124.6500015258789,101147,0.9537108220074473,823315.7632166421,1501981.5261813218,-678665.7629646797,122.09615325927734,119.57352941176471,104884.8,False,1.0,1441664.9362918648,1452057.428597551,-10392.492305686232,GICRE.BO,True,False,False
2022-05-05,125.4000015258789,128.60000610351562,181176,1.0316887647756399,849405.6227732907,1501981.5261813218,-652575.9034080311,122.48461503248949,119.95294144574333,118619.5,True,1.0,1441664.9362918648,1452057.428597551,-10392.492305686232,GICRE.BO,True,False,False
2022-05-06,123.30000305175781,122.55000305175781,63136,0.9529548774135523,809445.2311243033,1501981.5261813218,-692536.2950570185,122.47307704045222,120.19411805096794,121174.7,False,1.0,1441664.9362918648,1452057.428597551,-10392.492305686232,GICRE.BO,True,False,False
2022-05-09,124.0,118.5,42462,0.9669522403027005,782694.8796379823,1501981.5261813218,-719286.6465433395,122.27307715782753,120.31764737297507,123141.6,False,1.0,1441664.9362918648,1452057.428597551,-10392.492305686232,GICRE.BO,True,False,False
2022-05-10,119.9000015258789,116.0999984741211,111056,0.9797468225664228,766842.8213643219,1501981.5261813218,-735138.704817,121.83461526724008,120.13235316557042,132925.7,False,1.0,1441664.9362918648,1452057.428597551,-10392.492305686232,GICRE.BO,True,False,False
2022-05-11,117.0,113.80000305175781,89500,0.9801895309854293,751651.305412638,1501981.5261813218,-750330.2207686838,121.29230792705829,119.96911800608916,138412.1,False,1.0,1441664.9362918648,1452057.428597551,-10392.492305686232,GICRE.BO,True,False,False
2022-05-12,116.0,112.30000305175781,26326,0.9868189810213117,741743.7752906382,1501981.5261813218,-760237.7508906836,120.51538496751051,119.81323578778435,132621.1,False,1.0,1441664.9362918648,1452057.428597551,-10392.492305686232,GICRE.BO,True,False,False
2022-05-13,111.4000015258789,113.75,25232,1.0129118157510102,751321.0342516496,1501981.5261813218,-750660.4919296722,119.8923081618089,119.74264750761144,130326.2,False,1.0,1441664.9362918648,1452057.428597551,-10392.492305686232,GICRE.BO,True,False,False
2022-05-16,114.94999694824219,115.1500015258789,25250,1.0123077057220125,760568.072443977,1501981.5261813218,-741413.4537373448,119.56923147348257,119.73088275685029,129705.1,False,1.0,1441664.9362918648,1452057.428597551,-10392.492305686232,GICRE.BO,False,True,False
2022-05-17,116.75,116.4000015258789,33983,1.0108554058483366,768824.3475456433,1501981.5261813218,-733157.1786356785,119.28461632361778,119.77058859432445,69926.8,False,1.0,1441664.9362918648,1452057.428597551,-10392.492305686232,GICRE.BO,False,True,False
2022-05-18,118.0,115.6500015258789,26182,0.9935567011153925,763870.5824846434,1501981.5261813218,-738110.9436966784,118.98846259483925,119.77794153550091,62430.3,False,1.0,1441664.9362918648,1452057.428597551,-10392.492305686232,GICRE.BO,False,True,False
2022-05-19,116.94999694824219,112.30000305175781,21215,0.9710333036755605,741743.7752906381,1501981.5261813218,-760237.7508906837,118.49615537203275,119.77500040390912,46434.2,False,1.0,1441664.9362918648,1452057.428597551,-10392.492305686232,GICRE.BO,False,True,False
2022-05-20,115.0,114.0,18053,1.0151379955658477,752972.2892719829,1501981.5261813218,-749009.236909339,117.21154022216797,119.83235325532802,41925.9,False,1.0,1441664.9362918648,1452057.428597551,-10392.492305686232,GICRE.BO,False,True,False
2022-05-23,117.5,113.4000015258789,19895,0.9947368554901659,749009.2873016439,1501981.5261813218,-752972.238879678,116.34615560678336,119.75000044878792,39669.2,False,1.0,1441664.9362918648,1452057.428597551,-10392.492305686232,GICRE.BO,False,True,False
2022-05-24,113.0,113.19999694824219,17731,0.99823629122623,747688.2530499947,1501981.5261813218,-754293.2731313271,115.16153951791617,119.72941207885742,30336.7,False,1.0,1441664.9362918648,1452057.428597551,-10392.492305686232,GICRE.BO,False,True,False
2022-05-25,113.30000305175781,110.25,24200,0.9739399555850606,728203.4639669835,1501981.5261813218,-773778.0622143383,114.21538543701172,119.52500040390912,23806.7,False,1.0,1441664.9362918648,1452057.428597551,-10392.492305686232,GICRE.BO,False,True,False
2022-05-26,111.69999694824219,113.69999694824219,74745,1.0312924893264597,750990.7630906613,1501981.5261813218,-750990.7630906606,113.84615443303035,119.36617682961857,28648.6,False,1.0,1441664.9362918648,1452057.428597551,-10392.492305686232,GICRE.BO,False,True,False
2022-05-27,115.0999984741211,114.8499984741211,12321,1.0101143496635483,758586.5462626552,1501981.5261813218,-743394.9799186666,113.7500005868765,119.20000031415154,27357.5,False,1.0,1441664.9362918648,1452057.428597551,-10392.492305686232,GICRE.BO,False,True,False
2022-05-30,119.94999694824219,120.0999984741211,71438,1.0457117986047075,793262.9016896543,1501981.5261813218,-708718.6244916675,114.23461561936598,119.05882375380573,31976.3,False,1.0,1441664.9362918648,1452057.428597551,-10392.492305686232,GICRE.BO,False,True,False
2022-05-31,119.69999694824219,119.6500015258789,37347,0.9962531477605376,790290.6628099759,1501981.5261813218,-711690.8633713459,114.8000001173753,118.88529429716222,32312.7,False,1.0,1441664.9362918648,1452057.428597551,-10392.492305686232,GICRE.BO,False,True,False
2022-06-01,120.05000305175781,124.3499984741211,264100,1.0392812109344238,821334.2370353203,1501981.5261813218,-680647.2891460016,115.61538461538461,118.83823551851161,56104.5,False,1.0,1441664.9362918648,1452057.428597551,-10392.492305686232,GICRE.BO,False,True,False
2022-06-02,123.25,120.75,65614,0.9710494690929143,797556.1748209816,1501981.5261813218,-704425.3513603403,116.04615372877855,118.72352959127987,60544.4,False,1.0,1441664.9362918648,1452057.428597551,-10392.492305686232,GICRE.BO,False,True,False
2022-06-03,121.9000015258789,120.0,33856,0.9937888198757764,792602.4097599818,1501981.5261813218,-709379.11642134,116.32307668832632,118.6191177368164,62124.7,False,1.0,1441664.9362918648,1452057.428597551,-10392.492305686232,GICRE.BO,False,True,False
2022-06-06,120.0,120.94999694824219,25230,1.0079166412353515,798877.1586803267,1501981.5261813218,-703104.3675009952,116.73076864389273,118.56764714858112,62658.2,False,1.0,1441664.9362918648,1452057.428597551,-10392.492305686232,GICRE.BO,False,True,False
2022-06-07,111.5,121.9000015258789,88437,1.007854523370044,805151.9579929756,1501981.5261813218,-696829.5681883462,117.46923006497897,118.5911766501034,69728.8,False,1.0,1441664.9362918648,1452057.428597551,-10392.492305686232,GICRE.BO,False,True,False
2022-06-08,121.25,118.94999694824219,34448,0.9757997986816231,785667.1185176603,1501981.5261813218,-716314.4076636615,117.84999906099759,118.50735294117646,70753.6,False,1.0,1441664.9362918648,1452057.428597551,-10392.492305686232,GICRE.BO,False,True,False
2022-06-09,118.4000015258789,119.05000305175781,25674,1.000840740698456,786327.6608396368,1501981.5261813218,-715653.865341685,118.28461456298828,118.45441189934226,65846.5,False,1.0,1441664.9362918648,1452057.428597551,-10392.492305686232,GICRE.BO,False,True,False
2022-06-10,117.5,118.19999694824219,17911,0.9928600917116643,780713.3534566603,1501981.5261813218,-721268.1727246615,118.66922994760367,118.33088235294117,66405.5,False,1.0,1441664.9362918648,1452057.428597551,-10392.492305686232,GICRE.BO,True,False,False
2022-06-13,115.05000305175781,111.94999694824219,74242,0.9471235180933484,739431.9779483278,1501981.5261813218,-762549.548232994,118.7999989436223,118.03970583747414,66685.9,True,1.0,1441664.9362918648,1452057.428597551,-10392.492305686232,GICRE.BO,True,False,False
2022-06-14,110.5,113.55000305175781,111641,1.014292149594746,750000.0503923042,1501981.5261813218,-751981.4757890176,118.78846095158504,117.8691177368164,74115.3,True,1.014292149594746,1462269.427226848,1462269.427226848,0.0,GICRE.BO,True,False,False
2022-06-15,114.30000305175781,112.55000305175781,20020,0.9911933071499418,743395.030310971,1501981.5261813218,-758586.4958703509,118.61153822678786,117.64705904792336,49707.3,False,1.0,1462269.427226848,1462269.427226848,0.0,GICRE.BO,True,False,False
2022-06-16,113.55000305175781,115.80000305175781,55904,1.028876054303663,764861.3455753039,1501981.5261813218,-737120.1806060179,118.28076934814453,117.53823560826919,48736.3,True,1.0,1462269.427226848,1462269.427226848,0.0,GICRE.BO,True,False,False
2022-06-17,115.80000305175781,110.5999984741211,39892,0.9550949530172936,730515.2109169888,1501981.5261813218,-771466.315264333,117.58461526724008,117.30000035903034,49339.9,False,1.0,1462269.427226848,1462269.427226848,0.0,GICRE.BO,True,False,False
2022-06-20,113.0,111.44999694824219,44998,1.0076853389317177,736129.4679076611,1501981.5261813218,-765852.0582736607,116.5923074575571,116.73382388844209,51316.7,False,1.0,1462269.427226848,1462269.427226848,0.0,GICRE.BO,False,True,False
2022-06-21,112.0,114.75,36810,1.029609718637232,757926.0543329822,1501981.5261813218,-744055.4718483397,116.13076899601863,116.44264737297507,46154.0,False,1.0,1462269.427226848,1462269.427226848,0.0,GICRE.BO,False,True,False
2022-06-22,117.0999984741211,111.94999694824219,11826,0.9755991019454657,739431.9779483277,1501981.5261813218,-762549.5482329942,115.51153799203726,115.95294122134938,43891.8,False,1.0,1462269.427226848,1462269.427226848,0.0,GICRE.BO,False,True,False
2022-06-23,112.44999694824219,115.0999984741211,16778,1.0281375758083784,760237.801282988,1501981.5261813218,-741743.7248983338,115.06153810941257,115.73382343965419,43002.2,False,1.0,1462269.427226848,1462269.427226848,0.0,GICRE.BO,False,True,False
2022-06-24,116.0,116.25,13861,1.0099913252921326,767833.5844549821,1501981.5261813218,-734147.9417263397,114.62692260742188,115.66764696906594,42597.2,False,1.0,1462269.427226848,1462269.427226848,0.0,GICRE.BO,False,True,False
2022-06-27,117.9000015258789,113.75,22711,0.978494623655914,751321.034251649,1501981.5261813218,-750660.4919296728,114.22692284217247,115.59852936688591,37444.1,False,1.0,1462269.427226848,1462269.427226848,0.0,GICRE.BO,False,True,False
2022-06-28,113.19999694824219,115.80000305175781,22195,1.0180220048506181,764861.3455753038,1501981.5261813218,-737120.180606018,113.97692284217247,115.65735289629768,28499.5,False,1.0,1462269.427226848,1462269.427226848,0.0,GICRE.BO,False,True,False
2022-06-29,115.19999694824219,116.75,14022,1.0082037730846827,771136.0944956485,1501981.5261813218,-730845.4316856733,113.86538461538461,115.78823515948127,27899.7,False,1.0,1462269.427226848,1462269.427226848,0.0,GICRE.BO,False,True,False
2022-06-30,114.6500015258789,115.19999694824219,5303,0.9867237425973635,760898.2932126606,1501981.5261813218,-741083.2329686612,114.11538461538461,115.83088212854722,22839.6,False,1.0,1462269.427226848,1462269.427226848,0.0,GICRE.BO,False,True,False
2022-07-01,114.19999694824219,115.5999984741211,9226,1.0034722355596817,763540.3113236546,1501981.5261813218,-738441.2148576672,114.27307657095102,115.84411733290729,19773.0,False,1.0,1462269.427226848,1462269.427226848,0.0,GICRE.BO,False,True,False
2022-07-04,115.5999984741211,115.5999984741211,13242,1.0,763540.3113236546,1501981.5261813218,-738441.2148576672,114.5076916034405,115.820587831385,16597.4,False,1.0,1462269.427226848,1462269.427226848,0.0,GICRE.BO,False,True,False
2022-07-05,115.19999694824219,114.55000305175781,7227,0.9909169944963422,756605.0704736372,1501981.5261813218,-745376.4557076846,114.41153775728665,115.78823493508732,13639.1,False,1.0,1462269.427226848,1462269.427226848,0.0,GICRE.BO,False,True,False
2022-07-06,114.30000305175781,115.0999984741211,13854,1.004801356680146,760237.8012829882,1501981.5261813218,-741743.7248983337,114.7576916034405,115.87058774162742,13841.9,False,1.0,1462269.427226848,1462269.427226848,0.0,GICRE.BO,False,True,False
2022-07-07,115.0999984741211,115.19999694824219,12950,1.000868796485202,760898.2932126606,1501981.5261813218,-741083.2329686612,115.04615314190204,115.9058817695169,13459.1,False,1.0,1462269.427226848,1462269.427226848,0.0,GICRE.BO,False,True,False
2022-07-08,115.55000305175781,114.44999694824219,4324,0.9934895831608662,755944.5281516607,1501981.5261813218,-746036.9980296611,115.02307598407452,115.93676398782169,12505.4,False,1.0,1462269.427226848,1462269.427226848,0.0,GICRE.BO,False,True,False
2022-07-11,115.8499984741211,115.94999694824219,25785,1.0131061602446205,765852.0582736605,1501981.5261813218,-736129.4679076613,115.33076829176683,116.01764634076287,12812.8,False,1.0,1462269.427226848,1462269.427226848,0.0,GICRE.BO,False,True,False
2022-07-12,116.4000015258789,115.9000015258789,41174,0.9995688191144533,765521.8375049763,1501981.5261813218,-736459.6886763455,115.39230698805589,116.1838228562299,14710.7,False,1.0,1462269.427226848,1462269.427226848,0.0,GICRE.BO,False,True,False
2022-07-13,117.80000305175781,115.80000305175781,14605,0.9991372004072082,764861.3455753038,1501981.5261813218,-737120.180606018,115.3576918381911,116.24558774162742,14769.0,False,1.0,1462269.427226848,1462269.427226848,0.0,GICRE.BO,False,True,False
2022-07-14,115.05000305175781,116.05000305175781,10670,1.0021588945890465,766512.6005956371,1501981.5261813218,-735468.9255856847,115.53461514986478,116.28088199391084,15305.7,False,1.0,1462269.427226848,1462269.427226848,0.0,GICRE.BO,False,True,False
2022-07-15,115.3499984741211,115.75,8607,0.9974148811385726,764531.0744143155,1501981.5261813218,-737450.4517670063,115.53076876126804,116.15294086231904,15243.8,False,1.0,1462269.427226848,1462269.427226848,0.0,GICRE.BO,False,True,False
2022-07-18,116.0999984741211,116.0,4128,1.0021598272138228,766182.3294346489,1501981.5261813218,-735799.196746673,115.47307645357571,116.04558787626378,14332.4,False,1.0,1462269.427226848,1462269.427226848,0.0,GICRE.BO,False,True,False
2022-07-19,115.05000305175781,116.4000015258789,16278,1.0034482890161975,768824.347545643,1501981.5261813218,-733157.1786356788,115.56538449800931,115.81176443660961,15237.5,False,1.0,1462269.427226848,1462269.427226848,0.0,GICRE.BO,False,True,False
2022-07-20,117.80000305175781,116.5999984741211,13153,1.0017181868180451,770145.3314049881,1501981.5261813218,-731836.1947763338,115.64230757493239,115.6897055682014,15167.4,False,1.0,1462269.427226848,1462269.427226848,0.0,GICRE.BO,False,True,False
2022-07-21,117.25,117.69999694824219,24424,1.0094339493011677,777410.8434159937,1501981.5261813218,-724570.6827653281,115.80384591909555,115.62205841962029,16314.8,True,1.0,1462269.427226848,1462269.427226848,0.0,GICRE.BO,True,False,False
2022-07-22,119.30000305175781,117.30000305175781,4866,0.9966015810802419,774768.8756973037,1501981.5261813218,-727212.6504840181,116.01538438063402,115.51470565795898,16369.0,False,1.0,1462269.427226848,1462269.427226848,0.0,GICRE.BO,True,False,False
2022-07-25,117.0,116.80000305175781,5562,0.9957374255158427,771466.3656566371,1501981.5261813218,-730515.1605246847,116.14615396352914,115.36470570283778,14346.7,False,1.0,1462269.427226848,1462269.427226848,0.0,GICRE.BO,True,False,False
2022-07-26,116.44999694824219,114.25,10607,0.9781677826615481,754623.5442923158,1501981.5261813218,-747357.981889006,116.07307727520282,115.22647049847771,11290.0,False,1.0,1462269.427226848,1462269.427226848,0.0,GICRE.BO,True,False,False
2022-07-27,112.94999694824219,114.6500015258789,5680,1.0035011074475177,757265.5624033099,1501981.5261813218,-744715.963778012,116.08846224271335,115.09705868889304,10397.5,False,1.0,1462269.427226848,1462269.427226848,0.0,GICRE.BO,True,False,False
2022-07-28,114.4000015258789,114.5999984741211,14316,0.9995638634880739,756935.2912423215,1501981.5261813218,-745046.2349390003,115.98461620624249,114.99117638083065,10762.1,True,1.0,1462269.427226848,1462269.427226848,0.0,GICRE.BO,True,False,False
2022-07-29,115.30000305175781,116.30000305175781,6059,1.0148342460756719,768163.8556159704,1501981.5261813218,-733817.6705653514,116.01538555438702,115.1191177368164,10507.3,False,1.0,1462269.427226848,1462269.427226848,0.0,GICRE.BO,True,False,False
2022-08-01,116.5999984741211,117.0999984741211,21252,1.0068787222817805,773447.8414456545,1501981.5261813218,-728533.6847356673,116.11538520226112,115.22352936688591,12219.7,True,1.0,1462269.427226848,1462269.427226848,0.0,GICRE.BO,True,False,False
2022-08-02,118.19999694824219,117.80000305175781,11845,1.0059778359244933,778071.3857379701,1501981.5261813218,-723910.1404433517,116.2500005868765,115.3779411315918,11776.4,True,1.0059778359244933,1471010.633940213,1471010.633940213,0.0,GICRE.BO,True,False,False
2022-08-03,117.0,122.05000305175781,120972,1.0360780975373378,806142.7210836362,1501981.5261813218,-695838.8050976857,116.73461620624249,115.56176466100356,22558.3,True,1.0360780975373378,1524081.899069969,1524081.899069969,0.0,GICRE.BO,True,False,False
2022-08-04,123.80000305175781,120.55000305175781,24274,0.9877099552438037,796235.1909616364,1501981.5261813218,-705746.3352196855,117.08461644099309,115.85441185446346,22543.3,True,0.9877099552438037,1505350.8643182905,1524081.899069969,-18731.034751678584,GICRE.BO,True,False,False
2022-08-05,120.5,120.55000305175781,8568,1.0,796235.1909616364,1501981.5261813218,-705746.3352196855,117.40384732759915,116.12205909280216,22913.5,False,1.0,1505350.8643182905,1524081.899069969,-18731.034751678584,GICRE.BO,True,False,False
2022-08-08,120.6500015258789,121.75,5791,1.0099543502104016,804161.1949023146,1501981.5261813218,-697820.3312790073,117.80000129112831,116.32794144574333,22936.4,False,1.0,1505350.8643182905,1524081.899069969,-18731.034751678584,GICRE.BO,True,False,False
2022-08-10,119.80000305175781,121.75,32134,1.0,804161.1949023146,1501981.5261813218,-697820.3312790073,118.11153998741737,116.61617682961857,25089.1,True,1.0,1505350.8643182905,1524081.899069969,-18731.034751678584,GICRE.BO,True,False,False
2022-08-11,122.0999984741211,122.3499984741211,39460,1.0049281188839514,808124.1968726536,1501981.5261813218,-693857.3293086683,118.500001173753,116.82941212373622,28467.1,True,1.0049281188839514,1512769.41233971,1524081.899069969,-11312.486730259145,GICRE.BO,True,False,False
2022-08-12,121.94999694824219,120.9000015258789,7705,0.9881487783708565,798546.9379116421,1501981.5261813218,-703434.5882696797,118.81538567176231,116.96617687449736,27806.0,False,1.0,1512769.41233971,1524081.899069969,-11312.486730259145,GICRE.BO,True,False,False
2022-08-16,120.0,122.30000305175781,31782,1.011579830506282,807793.9761039694,1501981.5261813218,-694187.5500773524,119.43461667574368,117.21764755249023,30378.3,True,1.0,1512769.41233971,1524081.899069969,-11312.486730259145,GICRE.BO,True,False,False
2022-08-17,122.4000015258789,123.0,19691,1.0057236053211376,812417.470003981,1501981.5261813218,-689564.0561773408,120.07692425067609,117.429412168615,30222.2,False,1.0,1512769.41233971,1524081.899069969,-11312.486730259145,GICRE.BO,True,False,False
2022-08-18,122.80000305175781,123.6500015258789,23145,1.005284565251048,816710.7431353085,1501981.5261813218,-685270.7830460133,120.77307833158054,117.63235338996438,31352.2,False,1.0,1512769.41233971,1524081.899069969,-11312.486730259145,GICRE.BO,True,False,False
2022-08-19,122.1500015258789,121.9000015258789,9195,0.9858471493861345,805151.9579929754,1501981.5261813218,-696829.5681883465,121.20384744497446,117.82941234813018,20174.5,False,1.0,1512769.41233971,1524081.899069969,-11312.486730259145,GICRE.BO,True,False,False
2022-08-22,121.44999694824219,119.1500015258789,15304,0.977440525302896,786988.1527693091,1501981.5261813218,-714993.3734120127,121.36153998741737,117.93382420259364,19277.5,False,1.0,1512769.41233971,1524081.899069969,-11312.486730259145,GICRE.BO,True,False,False
2022-08-23,118.5,119.4000015258789,6152,1.0020981955249553,788639.4077896425,1501981.5261813218,-713342.1183916794,121.48461679311899,118.04558899823357,19035.9,False,1.0,1512769.41233971,1524081.899069969,-11312.486730259145,GICRE.BO,True,False,False
2022-08-24,118.5,119.55000305175781,9182,1.0012562941705356,789630.1708803033,1501981.5261813218,-712351.3553010186,121.2923091008113,118.19264782176299,19375.0,False,1.0,1512769.41233971,1524081.899069969,-11312.486730259145,GICRE.BO,True,False,False
2022-08-25,118.8499984741211,119.19999694824219,28312,0.9970723036839731,787318.3735379934,1501981.5261813218,-714663.1526433284,121.18846247746394,118.31323601217831,18992.8,True,1.0,1512769.41233971,1524081.899069969,-11312.486730259145,GICRE.BO,True,False,False
2022-08-26,121.0,124.55000305175781,48119,1.0448826026886449,822655.2712869692,1501981.5261813218,-679326.2548943526,121.49615478515625,118.58823619169347,19858.7,True,1.0448826026886449,1580666.440833288,1580666.440833288,0.0,GICRE.BO,True,False,False
2022-08-29,120.0,121.8499984741211,27353,0.9783219228303455,804821.6868319873,1501981.5261813218,-697159.8393493345,121.50384697547325,118.8058832953958,21823.5,True,0.9783219228303455,1546400.6317494207,1580666.440833288,-34265.80908386735,GICRE.BO,True,False,False
2022-08-30,120.5999984741211,123.94999694824219,25598,1.0172342921659296,818692.2189243261,1501981.5261813218,-683289.3072569957,121.67307750995343,119.04117741304286,21205.1,True,1.0172342921659296,1573051.7520425685,1580666.440833288,-7614.6887907194905,GICRE.BO,True,False,False
2022-09-01,122.25,125.75,56108,1.014522009649661,830581.2752276476,1501981.5261813218,-671400.2509536742,121.93461608886719,119.330883250517,24846.8,True,1.014522009649661,1595895.6247651468,1595895.6247651468,0.0,GICRE.BO,True,False,False
2022-09-02,125.5999984741211,124.19999694824219,20801,0.9876739319939737,820343.4739446596,1501981.5261813218,-681638.0522366622,122.18846189058743,119.57794189453125,24612.4,False,1.0,1595895.6247651468,1595895.6247651468,0.0,GICRE.BO,True,False,False
2022-09-05,124.0,128.64999389648438,15574,1.0358292838774918,849735.7931496706,1501981.5261813218,-652245.7330316512,122.67692272479718,119.94852986055263,25250.3,False,1.0,1595895.6247651468,1595895.6247651468,0.0,GICRE.BO,True,False,False
2022-09-06,130.0,130.0500030517578,98571,1.0108823103124274,858982.8817343019,1501981.5261813218,-642998.6444470199,123.21923065185547,120.36911818560432,33577.0,True,1.0,1595895.6247651468,1595895.6247651468,0.0,GICRE.BO,True,False,False
2022-09-07,129.6999969482422,129.14999389648438,14509,0.9930795145393788,853038.3031903373,1501981.5261813218,-648943.2229909846,123.64230698805589,120.75588271197151,34412.7,False,1.0,1595895.6247651468,1595895.6247651468,0.0,GICRE.BO,True,False,False
2022-09-08,127.69999694824219,128.5,29443,0.9949671395493417,848745.0804513139,1501981.5261813218,-653236.445730008,124.1499991783729,121.11176502003389,36438.8,False,1.0,1595895.6247651468,1595895.6247651468,0.0,GICRE.BO,True,False,False
2022-09-09,128.5500030517578,126.5999984741211,12493,0.9852139959075572,836195.5322183201,1501981.5261813218,-665785.9939630018,124.72307586669922,121.40588266709271,34856.9,False,1.0,1595895.6247651468,1595895.6247651468,0.0,GICRE.BO,True,False,False
2022-09-12,129.5,125.5999984741211,11999,0.9921011057499782,829590.5121369868,1501981.5261813218,-672391.014044335,125.19999870887169,121.63823565314797,31244.9,False,1.0,1595895.6247651468,1595895.6247651468,0.0,GICRE.BO,True,False,False
2022-09-13,125.30000305175781,128.0,17023,1.0191082926356356,845442.5704106472,1501981.5261813218,-656538.9557706746,125.8499984741211,121.95294144574333,30211.9,False,1.0,1595895.6247651468,1595895.6247651468,0.0,GICRE.BO,True,False,False
2022-09-14,125.05000305175781,129.5,48529,1.01171875,855350.1005326469,1501981.5261813218,-646631.425648675,126.64230640117938,122.32647076775046,32505.0,True,1.0,1595895.6247651468,1595895.6247651468,0.0,GICRE.BO,True,False,False
2022-09-15,129.64999389648438,129.25,22509,0.9980694980694981,853698.8455123137,1501981.5261813218,-648282.6806690082,127.00384462796725,122.7676472383387,29145.1,False,1.0,1595895.6247651468,1595895.6247651468,0.0,GICRE.BO,True,False,False
2022-09-16,127.30000305175781,122.9000015258789,26979,0.9508704179951947,811756.9780743088,1501981.5261813218,-690224.548107013,127.08461409348708,123.01029429716222,29762.9,False,1.0,1595895.6247651468,1595895.6247651468,0.0,GICRE.BO,True,False,False
2022-09-19,124.0,124.44999694824219,10309,1.0126118421734673,821994.7289649928,1501981.5261813218,-679986.797216329,127.12307563194862,123.30000013463638,29236.4,False,1.0,1595895.6247651468,1595895.6247651468,0.0,GICRE.BO,True,False,False
2022-09-20,124.75,124.5999984741211,14180,1.0012053156252088,822985.4920556535,1501981.5261813218,-678996.0341256683,127.03461397611179,123.54411764705883,20797.3,False,1.0,1595895.6247651468,1595895.6247651468,0.0,GICRE.BO,True,False,False
2022-09-21,126.0,126.4000015258789,13565,1.0144462525987243,834874.5483589749,1501981.5261813218,-667106.977822347,127.20384509746845,123.81764714858112,20702.9,False,1.0,1595895.6247651468,1595895.6247651468,0.0,GICRE.BO,True,False,False
2022-09-22,127.19999694824219,128.14999389648438,13277,1.0138448761825938,846433.2831090038,1501981.5261813218,-655548.243072318,127.16538355900691,124.12205864401425,19086.3,False,1.0,1595895.6247651468,1595895.6247651468,0.0,GICRE.BO,True,False,False
2022-09-23,127.9000015258789,123.55000305175781,20908,0.9641046346951659,816050.251205636,1501981.5261813218,-685931.2749756859,126.66538355900691,124.16617629107307,19927.8,True,1.0,1595895.6247651468,1595895.6247651468,0.0,GICRE.BO,True,False,False
2022-09-26,123.05000305175781,118.80000305175781,13647,0.9615540276594723,784676.4058193035,1501981.5261813218,-717305.1203620184,125.86923041710487,124.11470570283778,20092.6,False,1.0,1595895.6247651468,1595895.6247651468,0.0,GICRE.BO,True,False,False
2022-09-27,118.05000305175781,117.94999694824219,8272,0.992845066652521,779062.098436327,1501981.5261813218,-722919.4277449949,125.05769172081581,124.03823493508732,19217.5,False,1.0,1595895.6247651468,1595895.6247651468,0.0,GICRE.BO,True,False,False
2022-09-28,116.05000305175781,118.05000305175781,9408,1.000847868640128,779722.6407583035,1501981.5261813218,-722258.8854230184,124.3999997652494,123.92941149543313,15305.4,False,1.0,1595895.6247651468,1595895.6247651468,0.0,GICRE.BO,True,False,False
2022-09-29,118.80000305175781,121.30000305175781,8586,1.0275307066156962,801188.9560226362,1501981.5261813218,-700792.5701586857,124.06923088660606,123.91617629107307,13913.1,False,1.0,1595895.6247651468,1595895.6247651468,0.0,GICRE.BO,True,False,False
2022-09-30,119.05000305175781,122.94999694824219,10435,1.0136025874276386,812087.1988429927,1501981.5261813218,-689894.3273383292,123.68076911339394,123.93382330501781,12258.7,False,1.0,1595895.6247651468,1595895.6247651468,0.0,GICRE.BO,False,True,False
2022-10-03,121.1500015258789,124.05000305175781,14450,1.008946776175836,819352.7612463025,1501981.5261813218,-682628.7649350193,123.26153857891376,124.02647040872013,12672.8,False,1.0,1595895.6247651468,1595895.6247651468,0.0,GICRE.BO,False,True,False
2022-10-04,124.55000305175781,126.5999984741211,14631,1.0205561899204414,836195.5322183196,1501981.5261813218,-665785.9939630022,123.0576923076923,124.15294086231904,12717.9,False,1.0,1595895.6247651468,1595895.6247651468,0.0,GICRE.BO,False,True,False
2022-10-06,125.1500015258789,128.35000610351562,11054,1.0138231252013188,847754.3677529568,1501981.5261813218,-654227.158428365,123.47692342904898,124.31029398301068,12466.8,False,1.0,1595895.6247651468,1595895.6247651468,0.0,GICRE.BO,False,True,False
2022-10-07,126.05000305175781,126.0,7799,0.9816906428378327,832232.5302479805,1501981.5261813218,-669748.9959333413,123.59615443303035,124.37941158519072,11919.0,False,1.0,1595895.6247651468,1595895.6247651468,0.0,GICRE.BO,False,True,False
2022-10-10,123.05000305175781,123.5,14600,0.9801587301587301,815719.9800446475,1501981.5261813218,-686261.5461366744,123.51153916579027,124.42647036384133,11288.2,False,1.0,1595895.6247651468,1595895.6247651468,0.0,GICRE.BO,False,True,False
2022-10-11,122.6500015258789,122.80000305175781,5102,0.9943320085162576,811096.486144636,1501981.5261813218,-690885.0400366859,123.23461620624249,124.5338233498966,10433.7,False,1.0,1595895.6247651468,1595895.6247651468,0.0,GICRE.BO,False,True,False
2022-10-12,122.55000305175781,123.44999694824219,12698,1.0052931097746831,815389.7088836592,1501981.5261813218,-686591.8172976626,122.87307797945462,124.65294086231904,10876.3,False,1.0,1595895.6247651468,1595895.6247651468,0.0,GICRE.BO,False,True,False
2022-10-13,123.0,122.4000015258789,1235,0.9914945690699085,808454.4680336418,1501981.5261813218,-693527.05814768,122.78461632361778,124.73676434685203,10059.0,False,1.0,1595895.6247651468,1595895.6247651468,0.0,GICRE.BO,False,True,False
2022-10-14,122.1500015258789,122.55000305175781,11288,1.001225502647132,809445.2311243027,1501981.5261813218,-692536.2950570191,123.07307786207933,124.8352939381319,10329.2,False,1.0,1595895.6247651468,1595895.6247651468,0.0,GICRE.BO,False,True,False
2022-10-17,122.55000305175781,121.8499984741211,4824,0.9942880084846585,804821.6868319871,1501981.5261813218,-697159.8393493347,123.37307797945462,124.75588203878964,9768.1,False,1.0,1595895.6247651468,1595895.6247651468,0.0,GICRE.BO,False,True,False
2022-10-18,122.1500015258789,124.44999694824219,6535,1.0213376980441513,821994.7289649924,1501981.5261813218,-679986.7972163294,123.86538520226112,124.83235258214614,8976.6,False,1.0,1595895.6247651468,1595895.6247651468,0.0,GICRE.BO,False,True,False
2022-10-19,125.44999694824219,122.5999984741211,10020,0.985134604102156,809775.4518929869,1501981.5261813218,-692206.0742883349,123.96538485013522,124.79264674467198,8515.5,False,1.0,1595895.6247651468,1595895.6247651468,0.0,GICRE.BO,False,True,False
2022-10-20,121.4000015258789,122.5,26365,0.9991843517506878,809114.9599633144,1501981.5261813218,-692866.5662180075,123.93076970027043,124.69705850937787,10046.6,False,1.0,1595895.6247651468,1595895.6247651468,0.0,GICRE.BO,False,True,False
2022-10-21,122.44999694824219,121.0999984741211,3125,0.9885714161152742,799867.9217709871,1501981.5261813218,-702113.6044103347,123.70384627122145,124.60588208366843,9579.2,False,1.0,1595895.6247651468,1595895.6247651468,0.0,GICRE.BO,False,True,False
2022-10-24,121.1500015258789,122.05000305175781,5939,1.0078447942989837,806142.721083636,1501981.5261813218,-695838.8050976858,123.35384662334735,124.41176470588235,8713.1,False,1.0,1595895.6247651468,1595895.6247651468,0.0,GICRE.BO,False,True,False
2022-10-25,121.0,120.4000015258789,21071,0.9864809382661041,795244.4278709755,1501981.5261813218,-706737.0983103464,122.742307809683,124.1279411315918,10310.0,False,1.0,1595895.6247651468,1595895.6247651468,0.0,GICRE.BO,False,True,False
2022-10-27,120.94999694824219,122.0,15313,1.0132890237030203,805812.4499226477,1501981.5261813218,-696169.0762586741,122.43461550199069,123.9176471934599,10571.5,False,1.0,1595895.6247651468,1595895.6247651468,0.0,GICRE.BO,False,True,False
2022-10-28,122.4000015258789,123.94999694824219,12351,1.0159835815429688,818692.2189243258,1501981.5261813218,-683289.307256996,122.46923065185547,123.78382357429055,11683.1,False,1.0,1595895.6247651468,1595895.6247651468,0.0,GICRE.BO,False,True,False
2022-10-31,123.94999694824219,123.9000015258789,5474,0.999596648458296,818361.9981556416,1501981.5261813218,-683619.5280256802,122.55384591909555,123.70441189934226,11101.7,False,1.0,1595895.6247651468,1595895.6247651468,0.0,GICRE.BO,False,True,False
2022-11-01,123.19999694824219,126.0,20289,1.0169491400182304,832232.5302479804,1501981.5261813218,-669748.9959333414,122.75,123.7161766501034,12648.2,False,1.0,1595895.6247651468,1595895.6247651468,0.0,GICRE.BO,False,True,False
2022-11-02,125.4000015258789,126.4000015258789,20032,1.0031746152847532,834874.5483589745,1501981.5261813218,-667106.9778223473,123.0576923076923,123.66911787145278,13997.9,False,1.0,1595895.6247651468,1595895.6247651468,0.0,GICRE.BO,False,True,False
2022-11-03,125.8499984741211,126.25,5141,0.9988132790817396,833883.7852683136,1501981.5261813218,-668097.7409130082,123.3423074575571,123.57352963615867,13510.0,False,1.0,1595895.6247651468,1595895.6247651468,0.0,GICRE.BO,False,True,False
2022-11-04,123.6500015258789,131.3000030517578,98160,1.040000024172339,867239.1568359678,1501981.5261813218,-634742.369345354,124.06923088660606,123.6338238435633,20689.5,True,1.0,1595895.6247651468,1595895.6247651468,0.0,GICRE.BO,True,False,False
2022-11-07,129.60000610351562,130.0500030517578,40715,0.9904798174337646,858982.8817343012,1501981.5261813218,-642998.6444470206,124.5000005868765,123.84411800608916,24448.5,True,0.9904798174337646,1580702.4070607263,1595895.6247651468,-15193.217704420444,GICRE.BO,True,False,False
2022-11-09,130.0500030517578,136.75,59680,1.0515186219993835,903236.4961223118,1501981.5261813218,-598745.03005901,125.58846224271335,124.20588280172909,29822.6,True,1.0515186219993835,1662138.0168636036,1662138.0168636036,0.0,GICRE.BO,True,False,False
2022-11-10,141.0,141.60000610351562,604772,1.0354662237917047,935270.8838306209,1501981.5261813218,-566710.6423507009,127.05769348144531,124.70588302612305,88192.7,True,1.0354662237917047,1721087.7757423883,1721087.7757423883,0.0,GICRE.BO,True,False,False
2022-11-11,143.10000610351562,140.85000610351562,109795,0.9947033900588131,930317.1187696211,1501981.5261813218,-571664.4074117007,128.57692483755258,125.13088316075942,97640.9,True,0.9947033900588131,1711971.8451197362,1721087.7757423883,-9115.930622652173,GICRE.BO,True,False,False
2022-11-14,140.0,137.4499969482422,25324,0.9758607809162987,907859.9900223234,1501981.5261813218,-594121.5361589984,129.76153975266678,125.40441266228171,98938.2,False,1.0,1711971.8451197362,1721087.7757423883,-9115.930622652173,GICRE.BO,True,False,False
2022-11-15,135.14999389648438,140.85000610351562,104087,1.0247363348909622,930317.1187696212,1501981.5261813218,-571664.4074117006,131.3346170278696,125.91323628145106,108799.5,False,1.0,1711971.8451197362,1721087.7757423883,-9115.930622652173,GICRE.BO,True,False,False
2022-11-16,139.0500030517578,137.9499969482422,52658,0.9794106565168189,911162.50006299,1501981.5261813218,-590819.0261183318,132.56153987004205,126.47647139605354,112036.4,False,1.0,1711971.8451197362,1721087.7757423883,-9115.930622652173,GICRE.BO,True,False,False
2022-11-17,136.5500030517578,135.89999389648438,12580,0.9851395208618456,897622.1887393354,1501981.5261813218,-604359.3374419864,133.48077040452225,127.00441248276654,111291.2,False,1.0,1711971.8451197362,1721087.7757423883,-9115.930622652173,GICRE.BO,True,False,False
2022-11-18,135.0500030517578,134.64999389648438,38167,0.990802059925388,889365.913637669,1501981.5261813218,-612615.6125436529,134.30769289456882,127.49264750761144,114593.8,False,1.0,1711971.8451197362,1721087.7757423883,-9115.930622652173,GICRE.BO,True,False,False
2022-11-21,133.25,133.64999389648438,30719,0.9925733379477999,882760.8935563358,1501981.5261813218,-619220.632624986,134.89615396352914,127.85588253245635,107849.7,False,1.0,1711971.8451197362,1721087.7757423883,-9115.930622652173,GICRE.BO,True,False,False
2022-11-22,133.3000030517578,136.5500030517578,36770,1.0216985356356962,901915.512262967,1501981.5261813218,-600066.0139183549,135.67692331167368,128.2558827119715,107455.2,False,1.0,1711971.8451197362,1721087.7757423883,-9115.930622652173,GICRE.BO,True,False,False
2022-11-23,135.64999389648438,139.0,15055,1.017942122984161,918097.7913053116,1501981.5261813218,-583883.7348760102,136.6576925424429,128.69558850456687,102992.7,False,1.0,1711971.8451197362,1721087.7757423883,-9115.930622652173,GICRE.BO,True,False,False
2022-11-24,137.89999389648438,143.89999389648438,140944,1.0352517546509667,950462.3493900009,1501981.5261813218,-551519.1767913209,137.62692260742188,129.20441189934226,56609.9,True,1.0,1711971.8451197362,1721087.7757423883,-9115.930622652173,GICRE.BO,True,False,False
2022-11-25,143.5,144.60000610351562,27735,1.0048645742649218,955085.9440746206,1501981.5261813218,-546895.5821067012,138.74615361140326,129.68235307581284,48403.9,False,1.0,1711971.8451197362,1721087.7757423883,-9115.930622652173,GICRE.BO,True,False,False
2022-11-28,142.5,146.14999389648438,43813,1.0107191405777616,965323.6445730007,1501981.5261813218,-536657.8816083211,139.46923006497897,130.27499995512122,50252.8,False,1.0,1711971.8451197362,1721087.7757423883,-9115.930622652173,GICRE.BO,True,False,False
2022-11-29,144.60000610351562,147.25,334744,1.007526555931947,972589.2069763104,1501981.5261813218,-529392.3192050115,139.90384498009314,130.9735293668859,73318.5,True,1.0,1711971.8451197362,1721087.7757423883,-9115.930622652173,GICRE.BO,True,False,False
2022-11-30,147.3000030517578,149.0,38089,1.0118845500848896,984147.9921186435,1501981.5261813218,-517833.53406267834,140.53076758751502,131.74411751242246,71861.6,False,1.0,1711971.8451197362,1721087.7757423883,-9115.930622652173,GICRE.BO,True,False,False
2022-12-01,149.0,144.4499969482422,73879,0.9694630667667261,954095.1305916558,1501981.5261813218,-547886.395589666,141.06922912597656,132.36176457124597,77991.5,False,1.0,1711971.8451197362,1721087.7757423883,-9115.930622652173,GICRE.BO,True,False,False
2022-12-02,144.4499969482422,148.6999969482422,60467,1.0294219459313856,982166.4659373218,1501981.5261813218,-519815.06024400005,141.67307457557092,133.13529384837432,80221.5,False,1.0,1711971.8451197362,1721087.7757423883,-9115.930622652173,GICRE.BO,True,False,False
2022-12-05,148.75,149.39999389648438,97824,1.004707444267708,986789.9598373334,1501981.5261813218,-515191.5663439884,142.55384357158954,133.9249994614545,86932.0,True,1.0,1711971.8451197362,1721087.7757423883,-9115.930622652173,GICRE.BO,True,False,False
2022-12-06,150.9499969482422,147.6999969482422,25856,0.9886211712336476,975561.4458559885,1501981.5261813218,-526420.0803253333,143.46153611403244,134.68529353422278,85840.6,False,1.0,1711971.8451197362,1721087.7757423883,-9115.930622652173,GICRE.BO,True,False,False
2022-12-07,146.14999389648438,145.85000610351562,15941,0.987474672424165,963342.2191762871,1501981.5261813218,-538639.3070050348,144.3230755145733,135.3147055682014,85929.2,False,1.0,1711971.8451197362,1721087.7757423883,-9115.930622652173,GICRE.BO,True,False,False
2022-12-08,144.39999389648438,145.9499969482422,40988,1.000685573126789,964002.6607136556,1501981.5261813218,-537978.8654676662,145.26922959547775,136.00147022920495,75933.6,False,1.0,1711971.8451197362,1721087.7757423883,-9115.930622652173,GICRE.BO,True,False,False
2022-12-09,145.5,141.8000030517578,176417,0.9715656458838017,936591.8676899661,1501981.5261813218,-565389.6584913557,145.6730757493239,136.56911737778609,90801.8,True,1.0,1711971.8451197362,1721087.7757423883,-9115.930622652173,GICRE.BO,True,False,False
2022-12-12,142.0500030517578,144.14999389648438,56745,1.01657257259627,952113.6044103343,1501981.5261813218,-549867.9217709876,146.06922912597656,137.2470584196203,92095.0,False,1.0,1711971.8451197362,1721087.7757423883,-9115.930622652173,GICRE.BO,True,False,False
2022-12-13,144.3000030517578,146.8000030517578,52755,1.0183836924556267,969616.968096632,1501981.5261813218,-532364.5580846898,146.2923067533053,137.97499959609087,63896.1,False,1.0,1711971.8451197362,1721087.7757423883,-9115.930622652173,GICRE.BO,True,False,False
2022-12-14,145.39999389648438,159.64999389648438,812747,1.087533995760177,1054491.4156709984,1501981.5261813218,-447490.11051032343,147.44999812199518,139.1294111364028,141361.9,True,1.0,1711971.8451197362,1721087.7757423883,-9115.930622652173,GICRE.BO,True,False,False
2022-12-15,160.4499969482422,176.75,641019,1.1071093439227009,1167437.299375639,1501981.5261813218,-334544.22680568276,149.80384474534256,140.73970525404985,198075.9,True,1.1071093439227009,1895340.0262646468,1895340.0262646468,0.0,GICRE.BO,True,False,False
2022-12-16,178.4499969482422,166.5500030517578,270040,0.9422913892602988,1100066.1147029623,1501981.5261813218,-401915.4114783595,151.28846036470853,141.99264661003562,219033.2,True,0.9422913892602988,1785962.5864695653,1895340.0262646468,-109377.4397950815,GICRE.BO,True,False,False
2022-12-19,166.0500030517578,187.60000610351562,1037210,1.126388487937861,1239101.807571947,1501981.5261813218,-262879.7186093747,154.2576916034405,143.8661761564367,312971.8,True,1.126388487937861,2011687.6972870447,2011687.6972870447,0.0,GICRE.BO,True,False,False
2022-12-20,186.6999969482422,187.6999969482422,2007518,1.0005330002210735,1239762.2491093155,1501981.5261813218,-262219.27707200637,157.5846146803636,145.68088194903206,511138.0,True,1.0005330002210735,2012759.9272744297,2012759.9272744297,0.0,GICRE.BO,True,False,False
2022-12-21,188.4499969482422,168.14999389648438,445214,0.8958444146530877,1110634.0863623302,1501981.5261813218,-391347.4398189916,159.08076829176682,146.9088229011087,554065.3,False,1.0,2012759.9272744297,2012759.9272744297,0.0,GICRE.BO,True,False,False
2022-12-22,169.4499969482422,175.6999969482422,964813,1.0449004063384368,1160502.0081333176,1501981.5261813218,-341479.51804800425,161.10384544959436,148.36323457605698,646447.8,True,1.0,2012759.9272744297,2012759.9272744297,0.0,GICRE.BO,True,False,False
2022-12-23,174.1999969482422,156.14999389648438,661343,0.8887307718194392,1031373.8453863324,1501981.5261813218,-470607.68079498946,161.75384521484375,149.09411665972542,694940.4,False,1.0,2012759.9272744297,2012759.9272744297,0.0,GICRE.BO,True,False,False
2022-12-26,155.75,166.1999969482422,386141,1.0643612132218219,1097754.3173606526,1501981.5261813218,-404227.2088206692,163.31922912597656,150.1573517743279,727880.0,False,1.0,2012759.9272744297,2012759.9272744297,0.0,GICRE.BO,True,False,False
2022-12-27,168.75,164.39999389648438,242275,0.989169656529426,1085865.2610573312,1501981.5261813218,-416116.2651239906,164.73845966045673,150.97058688893037,746832.0,False,1.0,2012759.9272744297,2012759.9272744297,0.0,GICRE.BO,True,False,False
2022-12-28,164.5500030517578,172.5500030517578,457219,1.049574266775248,1139696.2351909615,1501981.5261813218,-362285.2909903603,167.10384427584134,151.88088091681985,711279.2,False,1.0,2012759.9272744297,2012759.9272744297,0.0,GICRE.BO,True,False,False
2022-12-29,171.6999969482422,167.6999969482422,210398,0.9718921702826002,1107661.8474826522,1501981.5261813218,-394319.67869866965,168.9153829721304,152.67058652990005,668217.1,False,1.0,2012759.9272744297,2012759.9272744297,0.0,GICRE.BO,True,False,False
2022-12-30,169.39999389648438,178.89999389648438,539666,1.0667859102686739,1181638.0522366622,1501981.5261813218,-320343.4739446596,171.38461303710938,153.8897040872013,695179.7,False,1.0,2012759.9272744297,2012759.9272744297,0.0,GICRE.BO,True,False,False
2023-01-02,178.89999389648438,187.85000610351562,503275,1.050028018515249,1240753.0625922808,1501981.5261813218,-261228.46358904103,173.55384474534256,155.27205702837776,641786.2,False,1.0,2012759.9272744297,2012759.9272744297,0.0,GICRE.BO,True,False,False
2023-01-03,189.64999389648438,195.8000030517578,708654,1.0423209831777238,1293262.952081958,1501981.5261813218,-208718.57409936376,175.01922959547775,156.97352779612822,511899.8,True,1.0,2012759.9272744297,2012759.9272744297,0.0,GICRE.BO,True,False,False
2023-01-04,199.3000030517578,201.0,617348,1.0265576959509424,1327609.036347969,1501981.5261813218,-174372.48983335285,177.66922936072717,158.8882338579963,529113.2,True,1.0265576959509424,2066214.1934452248,2066214.1934452248,0.0,GICRE.BO,True,False,False
2023-01-05,201.75,195.0500030517578,596675,0.9703980251331235,1288309.1870209582,1501981.5261813218,-213672.33916036366,178.2423060490535,160.66470471550437,492299.4,True,0.9703980251331235,2005050.1728212757,2066214.1934452248,-61164.02062394912,GICRE.BO,True,False,False
2023-01-06,192.5500030517578,180.6999969482422,433217,0.9264290905973083,1193527.1085399839,1501981.5261813218,-308454.41764133796,177.70384451059195,162.0485283346737,469486.8,False,1.0,2005050.1728212757,2066214.1934452248,-61164.02062394912,GICRE.BO,True,False,False
2023-01-09,183.4499969482422,186.3000030517578,334838,1.0309906264421225,1230515.261309293,1501981.5261813218,-271466.2648720287,179.0999990609976,163.51176362879136,464356.5,False,1.0,2005050.1728212757,2066214.1934452248,-61164.02062394912,GICRE.BO,True,False,False
2023-01-10,186.35000610351562,180.10000610351562,314510,0.9667203604579668,1189564.156961949,1501981.5261813218,-312417.36921937275,179.43846130371094,164.72058733771829,471580.0,False,1.0,2005050.1728212757,2066214.1934452248,-61164.02062394912,GICRE.BO,True,False,False
2023-01-11,179.75,182.75,338725,1.0147140133630048,1207067.4198636387,1501981.5261813218,-294914.1063176831,181.484615619366,165.86323457605698,459730.6,False,1.0,2005050.1728212757,2066214.1934452248,-61164.02062394912,GICRE.BO,True,False,False
2023-01-12,183.0,187.5500030517578,385963,1.0262654065759662,1238771.5364109597,1501981.5261813218,-263209.98977036215,183.12692378117487,167.12646978041704,477287.1,False,1.0,2005050.1728212757,2066214.1934452248,-61164.02062394912,GICRE.BO,True,False,False
2023-01-13,189.4499969482422,186.9499969482422,309427,0.9968008206144895,1234808.4840483167,1501981.5261813218,-267173.0421330051,184.86153940054086,168.32646987017463,454263.2,False,1.0,2005050.1728212757,2066214.1934452248,-61164.02062394912,GICRE.BO,True,False,False
2023-01-16,186.9499969482422,182.10000610351562,115479,0.9740572831029823,1202774.1971246158,1501981.5261813218,-299207.32905670605,185.59615501990686,169.3514700496898,415483.6,False,1.0,2005050.1728212757,2066214.1934452248,-61164.02062394912,GICRE.BO,True,False,False
2023-01-17,182.5,178.5,174835,0.9802306096493528,1178996.084517973,1501981.5261813218,-322985.4416633488,186.4269244854267,170.21911710851333,362101.7,False,1.0,2005050.1728212757,2066214.1934452248,-61164.02062394912,GICRE.BO,True,False,False
2023-01-18,179.89999389648438,179.89999389648438,146389,1.0078431030615371,1188243.0723179963,1501981.5261813218,-313738.4538633255,186.50384756234976,171.26176407757927,315005.8,False,1.0,2005050.1728212757,2066214.1934452248,-61164.02062394912,GICRE.BO,True,False,False
2023-01-19,178.9499969482422,177.0500030517578,101554,0.9841579158342469,1169418.8255569616,1501981.5261813218,-332562.70062436024,185.67307809682993,172.0955877865062,265493.7,False,1.0,2005050.1728212757,2066214.1934452248,-61164.02062394912,GICRE.BO,True,False,False
2023-01-20,177.10000610351562,174.60000610351562,174821,0.9861621185766036,1153236.5465146168,1501981.5261813218,-348744.979666705,184.0423091008113,172.83676461612478,239654.1,False,1.0,2005050.1728212757,2066214.1934452248,-61164.02062394912,GICRE.BO,True,False,False
2023-01-23,174.25,176.3000030517578,135296,1.0097365228454478,1164465.0604959617,1501981.5261813218,-337516.46568536013,182.1423093355619,173.67794126622817,219699.9,False,1.0,2005050.1728212757,2066214.1934452248,-61164.02062394912,GICRE.BO,True,False,False
2023-01-24,176.3000030517578,183.9499969482422,131719,1.0433919101761928,1214993.4238043174,1501981.5261813218,-286988.10237700446,181.28846271221454,174.79852923224954,201420.8,False,1.0,2005050.1728212757,2066214.1934452248,-61164.02062394912,GICRE.BO,True,False,False
2023-01-25,181.14999389648438,178.1999969482422,78212,0.9687415053253963,1177014.5583366517,1501981.5261813218,-324966.9678446702,181.09615501990686,175.74705864401426,175369.5,False,1.0,2005050.1728212757,2066214.1934452248,-61164.02062394912,GICRE.BO,True,False,False
2023-01-27,175.0500030517578,173.35000610351562,181380,0.972783440360354,1144980.2714129505,1501981.5261813218,-357001.25476837135,180.1000014085036,176.6749999102424,154911.2,True,1.0,2005050.1728212757,2066214.1934452248,-61164.02062394912,GICRE.BO,True,False,False
2023-01-30,174.0,182.4499969482422,229455,1.0524948977463118,1205085.8936823176,1501981.5261813218,-296895.63249900425,180.28076993502103,177.8014705882353,146914.0,True,1.0524948977463118,2110305.0766197536,2110305.0766197536,0.0,GICRE.BO,True,False,False
2023-01-31,182.5,184.0500030517578,116599,1.008769559497277,1215653.9661262939,1501981.5261813218,-286327.56005502795,180.38077016977164,178.89705882352942,147026.0,False,1.0,2110305.0766197536,2110305.0766197536,0.0,GICRE.BO,True,False,False
2023-02-01,184.0,161.1999969482422,229672,0.8758489229848595,1064729.2169539875,1501981.5261813218,-437252.30922733434,178.35384662334735,178.9426471485811,152509.7,False,1.0,2110305.0766197536,2110305.0766197536,0.0,GICRE.BO,False,True,True
2023-02-02,160.9499969482422,159.39999389648438,280442,0.9888337277553687,1052840.160650666,1501981.5261813218,-449141.3655306557,176.234615619366,178.4323528514189,165915.0,False,1.0,2110305.0766197536,2110305.0766197536,0.0,GICRE.BO,False,True,False
2023-02-03,159.60000610351562,157.5,120448,0.9880803389633863,1040290.6628099761,1501981.5261813218,-461690.8633713457,174.3423074575571,178.16617629107307,167804.4,False,1.0,2110305.0766197536,2110305.0766197536,0.0,GICRE.BO,False,True,False
2023-02-06,155.0,163.9499969482422,114067,1.040952361576141,1082893.0221776536,1501981.5261813218,-419088.5040036682,173.22307645357571,177.4705877865062,161729.0,False,1.0,2110305.0766197536,2110305.0766197536,0.0,GICRE.BO,False,True,False
2023-02-07,163.85000610351562,160.6999969482422,50669,0.9801768828271098,1061426.7069133208,1501981.5261813218,-440554.819268001,171.74615361140326,176.6764701394474,153266.3,False,1.0,2110305.0766197536,2110305.0766197536,0.0,GICRE.BO,False,True,False
2023-02-08,160.89999389648438,159.5,81051,0.9925326884192246,1053500.7029726426,1501981.5261813218,-448480.8232086792,170.39615337665265,176.42205855425667,148199.5,False,1.0,2110305.0766197536,2110305.0766197536,0.0,GICRE.BO,False,True,False
2023-02-09,159.64999389648438,163.1999969482422,101309,1.0231974730297315,1077939.2571166537,1501981.5261813218,-424042.2690646681,169.51922959547775,176.05441149543313,150509.2,False,1.0,2110305.0766197536,2110305.0766197536,0.0,GICRE.BO,False,True,False
2023-02-10,163.3000030517578,158.5,63998,0.9712009985531265,1046895.6828913094,1501981.5261813218,-455085.84329001245,168.1499985914964,176.12352932200713,138771.0,False,1.0,2110305.0766197536,2110305.0766197536,0.0,GICRE.BO,False,True,False
2023-02-13,157.10000610351562,148.6999969482422,214377,0.9381703277491621,982166.4659373226,1501981.5261813218,-519815.06024399924,165.43846012995795,175.60882343965417,137263.2,False,1.0,2110305.0766197536,2110305.0766197536,0.0,GICRE.BO,False,True,False
2023-02-14,148.6999969482422,141.8000030517578,339577,0.953597888109668,936591.8676899669,1501981.5261813218,-565389.6584913549,162.63846059945914,174.944117826574,159561.0,False,1.0,2110305.0766197536,2110305.0766197536,0.0,GICRE.BO,False,True,False
2023-02-15,140.85000610351562,157.10000610351562,472507,1.1078984677184613,1037648.6950912862,1501981.5261813218,-464332.8310900356,161.38846059945914,174.48970615162568,183844.5,False,1.0,2110305.0766197536,2110305.0766197536,0.0,GICRE.BO,False,True,False
2023-02-16,157.9499969482422,155.10000610351562,269323,0.9872692557460363,1024438.65492862,1501981.5261813218,-477542.87125270185,159.28461514986478,174.11911818560432,182732.6,False,1.0,2110305.0766197536,2110305.0766197536,0.0,GICRE.BO,False,True,False
2023-02-17,152.10000610351562,149.60000610351562,168083,0.9645390084876642,988111.0444812874,1501981.5261813218,-513870.48170003446,156.6346153846154,173.2573538387523,187496.1,False,1.0,2110305.0766197536,2110305.0766197536,0.0,GICRE.BO,False,True,False
2023-02-20,149.60000610351562,147.8000030517578,134086,0.9879678945299487,976221.988177966,1501981.5261813218,-525759.5380033558,155.60384662334735,172.07941257252412,189498.0,False,1.0,2110305.0766197536,2110305.0766197536,0.0,GICRE.BO,False,True,False
2023-02-21,147.8000030517578,150.0,198274,1.0148849587470696,990753.0121999774,1501981.5261813218,-511228.5139813444,154.88077016977164,170.73235365923713,204258.5,False,1.0,2110305.0766197536,2110305.0766197536,0.0,GICRE.BO,False,True,False
2023-02-22,148.0,149.8000030517578,112859,0.9986666870117188,989432.0283406323,1501981.5261813218,-512549.4978406895,154.28846271221454,169.22647139605354,207439.3,False,1.0,2110305.0766197536,2110305.0766197536,0.0,GICRE.BO,False,True,False
2023-02-23,150.0,149.60000610351562,40321,0.9986649069147676,988111.0444812874,1501981.5261813218,-513870.48170003446,153.18461726262018,167.88970677992876,201340.5,False,1.0,2110305.0766197536,2110305.0766197536,0.0,GICRE.BO,False,True,False
2023-02-24,148.89999389648438,145.75,48602,0.974264666133425,962681.6768543113,1501981.5261813218,-539299.8493270106,152.0346174973708,166.86176569321577,199800.9,False,1.0,2110305.0766197536,2110305.0766197536,0.0,GICRE.BO,False,True,False
2023-02-27,144.0,141.14999389648438,49216,0.9684390661851415,932298.5441663354,1501981.5261813218,-569682.9820149865,150.62307856633112,165.53382424747244,183284.8,False,1.0,2110305.0766197536,2110305.0766197536,0.0,GICRE.BO,False,True,False
2023-02-28,144.35000610351562,145.5,64006,1.0308183230011743,961030.421833978,1501981.5261813218,-540951.1043473438,149.26154033954327,164.51617700913374,155727.7,False,1.0,2110305.0766197536,2110305.0766197536,0.0,GICRE.BO,False,True,False
2023-03-01,143.14999389648438,143.14999389648438,47514,0.9838487553022981,945508.5843290017,1501981.5261813218,-556472.9418523201,148.08077063927283,163.35147094726562,113228.4,False,1.0,2110305.0766197536,2110305.0766197536,0.0,GICRE.BO,False,True,False
2023-03-02,142.10000610351562,142.9499969482422,17783,0.998602885387569,944187.6004696568,1501981.5261813218,-557793.9257116651,147.63846294696515,162.03970606186812,88074.4,False,1.0,2110305.0766197536,2110305.0766197536,0.0,GICRE.BO,False,True,False
2023-03-03,142.10000610351562,145.35000610351562,131710,1.016789151497096,960039.7091356213,1501981.5261813218,-541941.8170457005,147.91154010479266,160.81617691937615,84437.1,False,1.0,2110305.0766197536,2110305.0766197536,0.0,GICRE.BO,False,True,False
2023-03-06,147.0,145.3000030517578,31165,0.9996559817704982,959709.4379746331,1501981.5261813218,-542272.0882066888,147.00384756234976,159.7338238884421,74145.0,False,1.0,2110305.0766197536,2110305.0766197536,0.0,GICRE.BO,False,True,False
2023-03-08,143.0,143.5500030517578,27877,0.9879559534532382,948150.6528322999,1501981.5261813218,-553830.8733490219,146.11538578913763,158.7058828017291,57105.3,False,1.0,2110305.0766197536,2110305.0766197536,0.0,GICRE.BO,False,True,False
2023-03-09,143.14999389648438,145.10000610351562,32218,1.0107976525169349,958388.4541152881,1501981.5261813218,-543593.0720660337,145.76923194298377,157.68235374899473,49041.2,False,1.0,2110305.0766197536,2110305.0766197536,0.0,GICRE.BO,False,True,False
2023-03-10,143.0500030517578,142.89999389648438,117777,0.9848379592385286,943857.3293086685,1501981.5261813218,-558124.1968726533,145.3923081618089,156.6779417150161,56786.8,False,1.0,2110305.0766197536,2110305.0766197536,0.0,GICRE.BO,False,True,False
2023-03-13,141.89999389648438,140.39999389648438,66032,0.9825052476782401,927344.7791053355,1501981.5261813218,-574636.7470759863,144.65384615384616,155.67205900304458,58529.8,False,1.0,2110305.0766197536,2110305.0766197536,0.0,GICRE.BO,False,True,False
2023-03-14,139.64999389648438,137.3000030517578,19109,0.9779202921688718,906869.2773239677,1501981.5261813218,-595112.2488573542,143.69230769230768,154.52500017951516,55519.1,False,1.0,2110305.0766197536,2110305.0766197536,0.0,GICRE.BO,False,True,False
2023-03-15,140.25,135.75,34179,0.988710830172571,896631.4760409795,1501981.5261813218,-605350.0501403423,142.62692260742188,153.10735321044922,52536.4,False,1.0,2110305.0766197536,2110305.0766197536,0.0,GICRE.BO,False,True,False
2023-03-16,134.0,132.10000610351562,55007,0.9731123838196363,872523.1930579566,1501981.5261813218,-629458.3331233652,141.57692307692307,151.75147112678079,53285.7,False,1.0,2110305.0766197536,2110305.0766197536,0.0,GICRE.BO,False,True,False
2023-03-17,132.3000030517578,135.14999389648438,56648,1.0230884757914298,892668.4236783363,1501981.5261813218,-609313.1025029855,141.1153846153846,150.62794135598574,57172.2,False,1.0,2110305.0766197536,2110305.0766197536,0.0,GICRE.BO,False,True,False
2023-03-20,132.3000030517578,131.5500030517578,46367,0.9733629966163083,868890.4118563018,1501981.5261813218,-633091.11432502,140.0423079270583,149.1308827119715,48637.9,False,1.0,2110305.0766197536,2110305.0766197536,0.0,GICRE.BO,False,True,False
2023-03-21,134.0,135.64999389648438,55933,1.0311667863900653,895970.933719003,1501981.5261813218,-606010.5924623188,139.46538485013522,147.70735303093406,51114.7,False,1.0,2110305.0766197536,2110305.0766197536,0.0,GICRE.BO,False,True,False
2023-03-22,135.75,138.8000030517578,48390,1.0232215945227188,916776.8074459675,1501981.5261813218,-585204.7187353544,139.14615455040564,147.04852968103745,53166.0,False,1.0,2110305.0766197536,2110305.0766197536,0.0,GICRE.BO,False,True,False
2023-03-23,138.0500030517578,137.85000610351562,14288,0.9931556417337546,910502.0585256226,1501981.5261813218,-591479.4676556992,138.56923147348257,146.41470651065603,51373.0,False,1.0,2110305.0766197536,2110305.0766197536,0.0,GICRE.BO,False,True,False
2023-03-24,136.5500030517578,134.35000610351562,49693,0.9746100845481882,887384.4882409566,1501981.5261813218,-614597.0379403653,137.72692401592548,145.73382433723,44564.6,False,1.0,2110305.0766197536,2110305.0766197536,0.0,GICRE.BO,False,True,False
2023-03-27,134.35000610351562,132.39999389648438,47153,0.9854855815523463,874504.6184546703,1501981.5261813218,-627476.9077266515,136.86923100398138,144.80588307100183,42676.7,False,1.0,2110305.0766197536,2110305.0766197536,0.0,GICRE.BO,False,True,False
2023-03-28,133.10000610351562,128.8000030517578,55707,0.9728097355688613,850726.6066326358,1501981.5261813218,-651254.919548686,135.6153846153846,143.86764795639937,46336.5,False,1.0,2110305.0766197536,2110305.0766197536,0.0,GICRE.BO,False,True,False
2023-03-29,128.8000030517578,136.14999389648438,75348,1.0570651449579003,899273.4437596698,1501981.5261813218,-602708.082421652,135.09615384615384,143.18088307100183,50453.4,False,1.0,2110305.0766197536,2110305.0766197536,0.0,GICRE.BO,False,True,False
2023-03-31,136.25,133.9499969482422,32444,0.9838413731408989,884742.4197376585,1501981.5261813218,-617239.1064436634,134.6000002347506,142.3205889533548,48197.1,False,1.0,2110305.0766197536,2110305.0766197536,0.0,GICRE.BO,False,True,False
2023-04-03,135.0,136.1999969482422,31787,1.0167973128127012,899603.7149206582,1501981.5261813218,-602377.8112606637,134.515384380634,141.66470651065603,45711.0,False,1.0,2110305.0766197536,2110305.0766197536,0.0,GICRE.BO,False,True,False
2023-04-05,136.6999969482422,141.4499969482422,37333,1.0385462563702925,934280.0703476573,1501981.5261813218,-567701.4558336645,134.95384568434494,141.45147121653838,44807.6,False,1.0,2110305.0766197536,2110305.0766197536,0.0,GICRE.BO,False,True,False
2023-04-06,141.0,140.5500030517578,36238,0.9936373706899853,928335.5925883007,1501981.5261813218,-573645.9335930211,135.60384544959436,141.41470651065603,42838.1,False,1.0,2110305.0766197536,2110305.0766197536,0.0,GICRE.BO,False,True,False
2023-04-10,140.64999389648438,142.64999389648438,29026,1.0149412365644221,942206.0742883355,1501981.5261813218,-559775.4518929863,136.18076852651743,140.98970615162568,40901.7,False,1.0,2110305.0766197536,2110305.0766197536,0.0,GICRE.BO,False,True,False
2023-04-11,140.89999389648438,145.10000610351562,23191,1.017174989918395,958388.4541152882,1501981.5261813218,-543593.0720660336,137.22307645357571,140.69558850456687,41792.0,False,1.0,2110305.0766197536,2110305.0766197536,0.0,GICRE.BO,False,True,False
2023-04-12,143.60000610351562,146.14999389648438,18334,1.007236304264658,965323.6445730015,1501981.5261813218,-536657.8816083203,138.03076876126804,140.59411755730125,38656.1,False,1.0,2110305.0766197536,2110305.0766197536,0.0,GICRE.BO,False,True,False
2023-04-13,146.5,144.6999969482422,22187,0.9900787067478826,955746.38561199,1501981.5261813218,-546235.1405693318,138.48461444561298,140.50294090719785,36159.5,False,1.0,2110305.0766197536,2110305.0766197536,0.0,GICRE.BO,False,True,False
2023-04-17,141.9499969482422,144.1999969482422,7868,0.9965445749098472,952443.8755713233,1501981.5261813218,-549537.6506099985,138.97307527982272,140.33235258214614,31375.6,False,1.0,2110305.0766197536,2110305.0766197536,0.0,GICRE.BO,False,True,False
2023-04-18,146.6999969482422,146.25,11106,1.0142163876223493,965984.186894978,1501981.5261813218,-535997.3392863438,139.88845942570612,140.22794072768266,24951.4,False,1.0,2110305.0766197536,2110305.0766197536,0.0,GICRE.BO,False,True,False
2023-04-19,146.5,148.25,35048,1.0136752136752136,979194.2270576444,1501981.5261813218,-522787.2991236774,141.1076906644381,140.18823466581458,25211.8,True,1.0,2110305.0766197536,2110305.0766197536,0.0,GICRE.BO,True,False,False
2023-04-20,146.60000610351562,149.75,12171,1.0101180438448567,989101.7571796442,1501981.5261813218,-512879.76900167763,142.71922889122595,140.30588172463808,23250.2,False,1.0,2110305.0766197536,2110305.0766197536,0.0,GICRE.BO,True,False,False
2023-04-21,149.10000610351562,150.35000610351562,17095,1.0040067185543615,993064.8095422875,1501981.5261813218,-508916.71663903433,143.81153752253607,140.57647031896255,21226.4,False,1.0,2110305.0766197536,2110305.0766197536,0.0,GICRE.BO,True,False,False
2023-04-24,148.75,151.14999389648438,41477,1.005320836451566,998348.7449796675,1501981.5261813218,-503632.78120165435,145.13461421086237,140.74264661003562,21750.3,True,1.0,2110305.0766197536,2110305.0766197536,0.0,GICRE.BO,True,False,False
2023-04-25,153.1999969482422,150.14999389648438,30294,0.9933840553067779,991743.7248983342,1501981.5261813218,-510237.8012829876,146.2076908991887,140.94852896297678,21877.1,True,0.9933840553067779,2096343.4149470115,2110305.0766197536,-13961.661672742106,GICRE.BO,True,False,False
2023-04-26,148.14999389648438,153.60000610351562,21470,1.0229771052099392,1014531.1248066204,1501981.5261813218,-487450.4013747014,147.14230698805588,141.2617645263672,21705.0,False,1.0,2096343.4149470115,2110305.0766197536,-13961.661672742106,GICRE.BO,True,False,False
2023-04-27,153.25,152.64999389648438,21737,0.9938150249395757,1008256.2751016673,1501981.5261813218,-493725.25107965455,148.0730755145733,141.4764700496898,22045.3,False,1.0,2096343.4149470115,2110305.0766197536,-13961.661672742106,GICRE.BO,True,False,False
2023-04-28,151.64999389648438,153.35000610351562,15226,1.0045857336064221,1012879.8697862868,1501981.5261813218,-489101.656395035,148.89615337665265,141.71323484532974,21349.2,False,1.0,2096343.4149470115,2110305.0766197536,-13961.661672742106,GICRE.BO,True,False,False
2023-05-02,153.5500030517578,156.14999389648438,33264,1.0182588045746714,1031373.8453863333,1501981.5261813218,-470607.6807949885,149.74615243765024,142.0838228113511,23888.8,True,1.0,2096343.4149470115,2110305.0766197536,-13961.661672742106,GICRE.BO,True,False,False
2023-05-03,154.10000610351562,154.6999969482422,32593,0.990714076177272,1021796.5864253218,1501981.5261813218,-480184.93975600007,150.40384498009314,142.36617548325484,26037.5,True,0.990714076177272,2076876.9296895359,2110305.0766197536,-33428.14693021774,GICRE.BO,True,False,False
2023-05-04,152.64999389648438,184.9499969482422,1320022,1.195539758220685,1221598.4438856505,1501981.5261813218,-280383.08229567134,153.499998826247,143.60294027889475,154534.9,True,1.195539758220685,2482988.942375147,2482988.942375147,0.0,GICRE.BO,True,False,False
2023-05-05,182.5,174.5500030517578,520266,0.9437686181774051,1152906.2753536284,1501981.5261813218,-349075.2508276934,155.8346146803636,144.6073523128734,205344.4,True,0.9437686181774051,2343367.0430951687,2482988.942375147,-139621.89927997813,GICRE.BO,True,False,False
2023-05-08,174.60000610351562,170.25,103499,0.9753652078110662,1124504.6688469741,1501981.5261813218,-377476.8573343477,157.68076852651743,145.57646987017463,213984.8,False,1.0,2343367.0430951687,2482988.942375147,-139621.89927997813,GICRE.BO,True,False,False
2023-05-09,173.4499969482422,169.8000030517578,103581,0.9973568461189887,1121532.429967296,1501981.5261813218,-380449.09621402575,159.33846106896033,146.5779405481675,220195.2,False,1.0,2343367.0430951687,2482988.942375147,-139621.89927997813,GICRE.BO,True,False,False
2023-05-10,170.5500030517578,173.0500030517578,164482,1.0191401645558826,1142998.7452316291,1501981.5261813218,-358982.7809496927,161.13076899601862,147.78235222311582,233614.0,False,1.0,2343367.0430951687,2482988.942375147,-139621.89927997813,GICRE.BO,True,False,False
2023-05-11,172.10000610351562,175.89999389648438,115377,1.0164691753508617,1161822.9919926636,1501981.5261813218,-340158.53418865823,163.09615267240085,148.98088163488052,243004.7,False,1.0,2343367.0430951687,2482988.942375147,-139621.89927997813,GICRE.BO,True,False,False
2023-05-12,175.89999389648438,171.25,20781,0.9735645590799687,1131109.6889283077,1501981.5261813218,-370871.8372530141,164.64230698805588,150.14852860394646,242909.1,False,1.0,2343367.0430951687,2482988.942375147,-139621.89927997813,GICRE.BO,True,False,False
2023-05-15,169.0,172.6999969482422,17976,1.0084671354641879,1140686.9478893192,1501981.5261813218,-361294.57829200267,166.37692260742188,151.23823457605698,243184.1,False,1.0,2343367.0430951687,2482988.942375147,-139621.89927997813,GICRE.BO,True,False,False
2023-05-16,173.0,175.10000610351562,210355,1.01389698435254,1156539.0565552837,1501981.5261813218,-345442.4696260381,168.03076876126804,152.30588172463808,260893.2,False,1.0,2343367.0430951687,2482988.942375147,-139621.89927997813,GICRE.BO,True,False,False
2023-05-17,172.5,174.25,34028,0.995145596379859,1150924.7491723073,1501981.5261813218,-351056.7770090145,169.69230769230768,153.37646978041704,261036.7,False,1.0,2343367.0430951687,2482988.942375147,-139621.89927997813,GICRE.BO,True,False,False
2023-05-19,174.0500030517578,173.5,35120,0.9956958393113343,1145970.9841113074,1501981.5261813218,-356010.5420700144,171.2423072228065,154.52794018913718,132546.5,False,1.0,2343367.0430951687,2482988.942375147,-139621.89927997813,GICRE.BO,True,False,False
2023-05-22,170.1999969482422,172.0500030517578,19400,0.9916426688862122,1136393.725150296,1501981.5261813218,-365587.8010310258,172.46538485013522,155.69411692899817,82459.9,False,1.0,2343367.0430951687,2482988.942375147,-139621.89927997813,GICRE.BO,True,False,False
2023-05-23,171.5500030517578,176.39999389648438,58811,1.0252832942026624,1165125.5020333305,1501981.5261813218,-336856.0241479913,174.1346153846154,157.09411665972542,77991.1,False,1.0,2343367.0430951687,2482988.942375147,-139621.89927997813,GICRE.BO,True,False,False
2023-05-24,176.39999389648438,174.89999389648438,31814,0.9914965983452344,1155217.9719113307,1501981.5261813218,-346763.5542699911,173.36153822678787,158.23382254207834,70814.4,False,1.0,2343367.0430951687,2482988.942375147,-139621.89927997813,GICRE.BO,True,False,False
2023-05-25,173.0,177.5,126232,1.0148656729230903,1172391.0644366401,1501981.5261813218,-329590.4617446817,173.58846106896033,159.51470498477713,66989.4,True,1.0,2343367.0430951687,2482988.942375147,-139621.89927997813,GICRE.BO,True,False,False
2023-05-26,182.89999389648438,181.5,71011,1.0225352112676056,1198811.1447619728,1501981.5261813218,-303170.381419349,174.45384568434494,160.84705801571116,62552.8,True,1.0225352112676056,2396175.3144888626,2482988.942375147,-86813.62788628414,GICRE.BO,True,False,False
2023-05-30,178.3000030517578,181.4499969482422,61610,0.9997245010922434,1198480.8736009847,1501981.5261813218,-303500.65258033713,175.3499990609976,162.02352860394646,66635.7,False,1.0,2396175.3144888626,2482988.942375147,-86813.62788628414,GICRE.BO,True,False,False
2023-05-31,180.0,183.89999389648438,127390,1.0135023256514082,1214663.1526433295,1501981.5261813218,-287318.37353799236,176.18461374136118,163.2985283346737,77577.1,True,1.0,2396175.3144888626,2482988.942375147,-86813.62788628414,GICRE.BO,True,False,False
2023-06-01,182.8000030517578,185.9499969482422,99673,1.011147379661751,1228203.4639669838,1501981.5261813218,-273778.062214338,176.9576908991887,164.572057836196,66508.9,True,1.011147379661751,2422886.3904555854,2482988.942375147,-60102.551919561345,GICRE.BO,True,False,False
2023-06-02,186.3000030517578,186.85000610351562,83775,1.0048400600701486,1234148.0425109486,1501981.5261813218,-267833.4836703732,178.1576913686899,165.7999990126666,71483.6,True,1.0048400600701486,2434613.306128536,2482988.942375147,-48375.6362466109,GICRE.BO,True,False,False
2023-06-05,188.0,183.5,62281,0.9820711480113107,1212021.184924639,1501981.5261813218,-289960.34125668276,178.98846083420975,166.89852860394646,74199.7,False,1.0,2434613.306128536,2482988.942375147,-48375.6362466109,GICRE.BO,True,False,False
2023-06-06,183.5,182.9499969482422,42692,0.9970027081648075,1208388.4037229843,1501981.5261813218,-293593.1224583376,179.59230628380408,168.02352860394646,76528.9,False,1.0,2434613.306128536,2482988.942375147,-48375.6362466109,GICRE.BO,True,False,False
2023-06-07,183.6999969482422,187.64999389648438,48109,1.0256900630043293,1239431.9779483285,1501981.5261813218,-262549.54823299334,180.6230750450721,169.30146969065947,75458.7,False,1.0,2434613.306128536,2482988.942375147,-48375.6362466109,GICRE.BO,True,False,False
2023-06-08,185.0500030517578,185.25,281972,0.9872102639246111,1223579.970066972,1501981.5261813218,-278401.55611434975,181.52692119891827,170.44852851418887,100474.5,True,1.0,2434613.306128536,2482988.942375147,-48375.6362466109,GICRE.BO,True,False,False
2023-06-09,183.0500030517578,183.1999969482422,128505,0.9889338566706731,1210039.6587433175,1501981.5261813218,-291941.86743800435,182.38461303710938,171.47646960090188,100701.8,True,0.9889338566706731,2407671.526331431,2482988.942375147,-75317.41604371555,GICRE.BO,True,False,False
2023-06-12,181.60000610351562,181.0500030517578,73761,0.988264225260376,1195838.9058822945,1501981.5261813218,-306142.6202990273,182.7423060490535,172.3970579259536,100976.8,False,1.0,2407671.526331431,2482988.942375147,-75317.41604371555,GICRE.BO,True,False,False
2023-06-13,181.1999969482422,181.0500030517578,20664,1.0,1195838.9058822945,1501981.5261813218,-306142.6202990273,183.2153836763822,173.2999990126666,96882.2,False,1.0,2407671.526331431,2482988.942375147,-75317.41604371555,GICRE.BO,True,False,False
2023-06-14,180.10000610351562,182.64999389648438,31271,1.0088372870353897,1206406.8775416624,1501981.5261813218,-295574.6486396594,183.61153705303485,174.22646960090188,87270.3,False,1.0,2407671.526331431,2482988.942375147,-75317.41604371555,GICRE.BO,True,False,False
2023-06-15,186.25,181.6999969482422,22738,0.9947988120449618,1200132.1286213177,1501981.5261813218,-301849.39756000414,183.62692143366888,175.15441086713005,79576.8,False,1.0,2407671.526331431,2482988.942375147,-75317.41604371555,GICRE.BO,True,False,False
2023-06-16,181.14999389648438,189.9499969482422,162347,1.0454045136960022,1254623.5442923163,1501981.5261813218,-247357.98188900552,184.28076758751502,176.22352824491614,87434.0,True,1.0,2407671.526331431,2482988.942375147,-75317.41604371555,GICRE.BO,True,False,False
2023-06-19,190.0,188.10000610351562,86829,0.9902606429352528,1242404.317612615,1501981.5261813218,-259577.20856870688,184.60384544959436,177.26617566277,89888.8,False,1.0,2407671.526331431,2482988.942375147,-75317.41604371555,GICRE.BO,True,False,False
2023-06-20,188.10000610351562,188.0,38613,0.9994683354584232,1241743.7752906384,1501981.5261813218,-260237.75089068338,184.76153799203726,178.28529313031365,89480.9,False,1.0,2407671.526331431,2482988.942375147,-75317.41604371555,GICRE.BO,True,False,False
2023-06-21,187.9499969482422,185.8000030517578,84680,0.9882978885731799,1227212.7512686271,1501981.5261813218,-274768.7749126947,184.68076852651743,179.15735222311582,93138.0,False,1.0,2407671.526331431,2482988.942375147,-75317.41604371555,GICRE.BO,True,False,False
2023-06-22,186.5,183.5500030517578,35534,0.9878902047198932,1212351.4560856274,1501981.5261813218,-289630.0700956944,184.6846149151142,180.00588181439568,68494.2,False,1.0,2407671.526331431,2482988.942375147,-75317.41604371555,GICRE.BO,True,False,False
2023-06-23,183.5,179.1999969482422,48387,0.9763007026358425,1183619.5784179848,1501981.5261813218,-318361.94776333706,184.39615337665265,179.83676416733687,60482.4,False,1.0,2407671.526331431,2482988.942375147,-75317.41604371555,GICRE.BO,True,False,False
2023-06-26,178.9499969482422,180.1999969482422,14190,1.00558035723789,1190224.5984993181,1501981.5261813218,-311756.9276820037,183.82307668832632,180.00294045840994,54525.3,False,1.0,2407671.526331431,2482988.942375147,-75317.41604371555,GICRE.BO,True,False,False
2023-06-27,180.1999969482422,182.4499969482422,37376,1.0124861267375396,1205085.8936823176,1501981.5261813218,-296895.63249900425,183.6076918381911,180.3617638980641,56196.5,False,1.0,2407671.526331431,2482988.942375147,-75317.41604371555,GICRE.BO,True,False,False
2023-06-28,182.0,183.3000030517578,60302,1.004658844164063,1210700.201065294,1501981.5261813218,-291281.32511602785,183.6153846153846,180.75882272159353,59099.6,True,1.0,2407671.526331431,2482988.942375147,-75317.41604371555,GICRE.BO,True,False,False
2023-06-30,183.0,182.60000610351562,41862,0.9961811405532572,1206076.7071652825,1501981.5261813218,-295904.8190160394,183.734615619366,181.0397051642923,61012.0,False,1.0,2407671.526331431,2482988.942375147,-75317.41604371555,GICRE.BO,True,False,False
2023-07-07,185.75,184.5500030517578,63483,1.0106790628864313,1218956.4761669606,1501981.5261813218,-283025.0500143613,184.00384638859674,181.2941171982709,51125.6,True,1.0,2407671.526331431,2482988.942375147,-75317.41604371555,GICRE.BO,True,False,False
2023-07-10,184.39999389648438,190.1999969482422,162357,1.0306149759038465,1256274.7993126498,1501981.5261813218,-245706.72686867206,184.58461585411658,181.8514700496898,58678.4,True,1.0306149759038465,2481382.332094446,2482988.942375147,-1606.6102807009593,GICRE.BO,True,False,False
2023-07-14,183.6999969482422,184.64999389648438,17809,0.9708201727612641,1219616.917704329,1501981.5261813218,-282364.60847699293,184.81153869628906,182.2029405481675,56598.0,False,1.0,2481382.332094446,2482988.942375147,-1606.6102807009593,GICRE.BO,True,False,False
2023-07-17,182.5500030517578,184.75,12904,1.0005415981956203,1220277.4600263056,1501981.5261813218,-281704.0661550162,184.41153893103967,182.4867638980641,49420.4,False,1.0,2481382.332094446,2482988.942375147,-1606.6102807009593,GICRE.BO,True,False,False
2023-07-19,188.9499969482422,186.75,18091,1.0108254397834913,1233487.500188972,1501981.5261813218,-268494.0259923497,184.30769230769232,182.85441095688765,47676.1,False,1.0,2481382.332094446,2482988.942375147,-1606.6102807009593,GICRE.BO,True,False,False
2023-07-20,186.1999969482422,187.0500030517578,17993,1.0016064420442186,1235469.0263702937,1501981.5261813218,-266512.49981102813,184.234615619366,183.25294045840994,44636.7,False,1.0,2481382.332094446,2482988.942375147,-1606.6102807009593,GICRE.BO,True,False,False
2023-07-21,186.9499969482422,194.0500030517578,170295,1.0374231482801048,1281704.1669396257,1501981.5261813218,-220277.35924169607,184.86923100398138,183.89999928193933,60247.2,True,1.0,2481382.332094446,2482988.942375147,-1606.6102807009593,GICRE.BO,True,False,False
2023-07-24,196.0,199.14999389648438,289838,1.02628183851853,1315389.7088836601,1501981.5261813218,-186591.81729766168,186.06923029972955,184.56911692899817,85493.4,True,1.02628183851853,2546597.621849285,2546597.621849285,0.0,GICRE.BO,True,False,False
2023-07-26,206.75,201.9499969482422,42584,1.014059769709123,1333883.7852683146,1501981.5261813218,-168097.74091300718,187.81923029972955,185.36470525404985,83721.6,False,1.0,2546597.621849285,2546597.621849285,0.0,GICRE.BO,True,False,False
2023-07-28,200.9499969482422,197.8000030517578,21594,0.9794503889121228,1306472.9922446255,1501981.5261813218,-195508.53393669636,189.17307692307693,185.96176416733687,81694.8,False,1.0,2546597.621849285,2546597.621849285,0.0,GICRE.BO,True,False,False
2023-08-03,202.0,205.75,62664,1.0401920971970962,1358982.8817343023,1501981.5261813218,-142998.64444701956,190.96538485013522,186.6749994614545,81612.9,False,1.0,2546597.621849285,2546597.621849285,0.0,GICRE.BO,True,False,False
2023-08-04,207.6999969482422,206.25,58080,1.0024301336573511,1362285.391774969,1501981.5261813218,-139696.13440635288,192.73076923076923,187.40441131591797,71185.2,False,1.0,2546597.621849285,2546597.621849285,0.0,GICRE.BO,True,False,False
2023-08-07,206.25,207.1999969482422,50501,1.004606045809659,1368560.140695314,1501981.5261813218,-133421.3854860079,194.62307621882513,188.0897055233226,74454.4,False,1.0,2546597.621849285,2546597.621849285,0.0,GICRE.BO,True,False,False
2023-08-08,207.25,203.5,160808,0.9821428716084082,1344121.5865513028,1501981.5261813218,-157859.939630019,196.08076829176682,188.60588208366843,89244.8,True,1.0,2546597.621849285,2546597.621849285,0.0,GICRE.BO,True,False,False
2023-08-09,203.5500030517578,203.75,39318,1.0012285012285012,1345772.8415716358,1501981.5261813218,-156208.68460968602,197.12307621882513,189.10294072768266,91367.5,False,1.0,2546597.621849285,2546597.621849285,0.0,GICRE.BO,True,False,False
2023-08-10,209.9499969482422,203.5500030517578,46778,0.9990184198859279,1344451.8577122907,1501981.5261813218,-157529.6684690311,198.57692307692307,189.6926466997932,94246.0,False,1.0,2546597.621849285,2546597.621849285,0.0,GICRE.BO,True,False,False
2023-08-11,204.0,201.9499969482422,47523,0.9921394935911213,1333883.7852683144,1501981.5261813218,-168097.7409130074,199.8999997652494,190.25147022920495,81968.8,False,1.0,2546597.621849285,2546597.621849285,0.0,GICRE.BO,True,False,False
2023-08-14,200.0500030517578,196.89999389648438,105892,0.9749937948597638,1300528.4137006602,1501981.5261813218,-201453.1124806616,200.68076852651743,190.52352905273438,63574.2,True,1.0,2546597.621849285,2546597.621849285,0.0,GICRE.BO,True,False,False
2023-08-16,191.8000030517578,197.9499969482422,39680,1.0053326718349713,1307463.7049429817,1501981.5261813218,-194517.8212383401,201.51922959547775,190.8970583747415,63283.8,False,1.0,2546597.621849285,2546597.621849285,0.0,GICRE.BO,True,False,False
2023-08-17,195.5,202.6999969482422,30766,1.023995958945339,1338837.5503293143,1501981.5261813218,-163143.9758520075,202.18461374136118,191.4705877865062,64201.0,False,1.0,2546597.621849285,2546597.621849285,0.0,GICRE.BO,True,False,False
2023-08-18,202.0500030517578,202.5500030517578,71339,0.9992600202331395,1337846.8376309576,1501981.5261813218,-164134.68855036423,202.44615290715143,192.10294072768266,65068.5,True,1.0,2546597.621849285,2546597.621849285,0.0,GICRE.BO,True,False,False
2023-08-21,203.25,205.5500030517578,68163,1.0148111575156749,1357661.8978749572,1501981.5261813218,-144319.62830636464,202.72307645357571,192.82352896297678,66076.8,True,1.0148111575156749,2584315.6803555377,2584315.6803555377,0.0,GICRE.BO,True,False,False
2023-08-22,206.0,216.89999389648438,530160,1.0552176632265415,1432628.815327324,1501981.5261813218,-69352.71085399785,204.1923065185547,193.83088190415327,114042.7,True,1.0552176632265415,2727015.5532644805,2727015.5532644805,0.0,GICRE.BO,True,False,False
2023-08-23,218.9499969482422,216.60000610351562,51478,0.9986169303761626,1430647.3899306105,1501981.5261813218,-71334.13625071128,205.02692237267127,194.8573527616613,103109.7,False,1.0,2727015.5532644805,2727015.5532644805,0.0,GICRE.BO,True,False,False
2023-08-24,217.89999389648438,217.89999389648438,201576,1.0060017901954605,1439233.835408657,1501981.5261813218,-62747.69077266473,205.9230757493239,195.67941149543313,119335.5,True,1.0,2727015.5532644805,2727015.5532644805,0.0,GICRE.BO,True,False,False
2023-08-25,219.1999969482422,216.39999389648438,41453,0.9931161081137405,1429326.3052866573,1501981.5261813218,-72655.22089466453,206.63076782226562,196.51176407757927,118803.0,False,1.0,2727015.5532644805,2727015.5532644805,0.0,GICRE.BO,True,False,False
2023-08-28,216.39999389648438,218.25,14899,1.0085490118100493,1441545.6327509673,1501981.5261813218,-60435.89343035454,207.765383206881,197.40146995993223,115540.6,False,1.0,2727015.5532644805,2727015.5532644805,0.0,GICRE.BO,True,False,False
2023-08-29,218.0500030517578,219.64999389648438,68858,1.0064146341190578,1450792.6205509903,1501981.5261813218,-51188.90563033149,208.98845966045673,198.3970579259536,111837.2,False,1.0,2727015.5532644805,2727015.5532644805,0.0,GICRE.BO,True,False,False
2023-08-30,221.9499969482422,219.5500030517578,68182,0.9995447719212153,1450132.179013622,1501981.5261813218,-51849.34716769983,210.21922889122595,199.45588145536536,114687.4,False,1.0,2727015.5532644805,2727015.5532644805,0.0,GICRE.BO,True,False,False
2023-08-31,219.75,217.4499969482422,26651,0.9904349529750607,1436261.5965289788,1501981.5261813218,-65719.92965234304,211.41153658353366,200.58088145536536,114275.9,False,1.0,2727015.5532644805,2727015.5532644805,0.0,GICRE.BO,True,False,False
2023-09-01,218.10000610351562,219.35000610351562,26223,1.0087376830624912,1448811.195154277,1501981.5261813218,-53170.331027044915,213.13846059945914,201.7323523128734,109764.3,False,1.0,2727015.5532644805,2727015.5532644805,0.0,GICRE.BO,True,False,False
2023-09-04,220.0500030517578,226.14999389648438,70455,1.0310006273250782,1493725.2510796557,1501981.5261813218,-8256.275101666106,215.3076911339393,203.01764634076287,109993.5,False,1.0,2727015.5532644805,2727015.5532644805,0.0,GICRE.BO,True,False,False
2023-09-05,228.0,227.89999389648438,69160,1.007738227049438,1505284.0362219887,1505284.0362219887,0.0,217.24615243765024,204.32941077737246,63893.5,True,1.0,2727015.5532644805,2727015.5532644805,0.0,GICRE.BO,True,False,False
2023-09-06,228.5500030517578,230.25,118457,1.0103115672068996,1520805.873726965,1520805.873726965,0.0,219.37692143366888,205.7308811860926,70591.4,True,1.0103115672068996,2755135.357416228,2755135.357416228,0.0,GICRE.BO,True,False,False
2023-09-07,230.3000030517578,229.6999969482422,82327,0.9976112788197272,1517173.09252531,1520805.873726965,-3632.7812016548123,221.23461327185998,207.05882218304802,58666.5,True,0.9976112788197272,2748554.1072334494,2755135.357416228,-6581.2501827785745,GICRE.BO,True,False,False
2023-09-08,221.5,224.8000030517578,41191,0.9786678538894866,1484808.5344406208,1520805.873726965,-35997.339286344126,221.84230628380408,208.07646942138672,58640.3,False,1.0,2748554.1072334494,2755135.357416228,-6581.2501827785745,GICRE.BO,True,False,False
2023-09-11,225.35000610351562,223.14999389648438,49548,0.9926601017220914,1473910.190835656,1520805.873726965,-46895.68289130903,222.34615149864783,209.20882236256318,62105.2,False,1.0,2748554.1072334494,2755135.357416228,-6581.2501827785745,GICRE.BO,True,False,False
2023-09-12,221.85000610351562,206.5,75601,0.9253865366260864,1363936.6467953017,1520805.873726965,-156869.22693166323,221.46922889122595,209.84852824491614,62779.5,True,1.0,2748554.1072334494,2755135.357416228,-6581.2501827785745,GICRE.BO,True,False,False
2023-09-13,208.0500030517578,212.14999389648438,38516,1.0273607452614255,1401254.969940991,1520805.873726965,-119550.90378597402,221.1423058143029,210.59558688893037,59812.9,False,1.0,2748554.1072334494,2755135.357416228,-6581.2501827785745,GICRE.BO,True,False,False
2023-09-14,212.14999389648438,219.35000610351562,48222,1.033938309753355,1448811.1951542764,1520805.873726965,-71994.67857268848,221.22692166841946,211.54558697868796,61970.0,False,1.0,2748554.1072334494,2755135.357416228,-6581.2501827785745,GICRE.BO,True,False,False
2023-09-15,222.35000610351562,235.5,220714,1.0736265942425498,1555482.2291539637,1555482.2291539637,0.0,222.44615290715143,212.7647045359892,81419.1,True,1.0,2748554.1072334494,2755135.357416228,-6581.2501827785745,GICRE.BO,True,False,False
2023-09-18,235.1999969482422,231.35000610351562,172491,0.9823779452378583,1528071.4361302743,1555482.2291539637,-27410.793023689417,223.35384544959436,213.71176371854895,91622.7,True,0.9823779452378583,2700118.9362390717,2755135.357416228,-55016.42117715627,GICRE.BO,True,False,False
2023-09-20,230.89999389648438,229.64999389648438,70898,0.9926517736668198,1516842.8213643213,1555482.2291539637,-38639.40778964246,224.2923067533053,214.5264695111443,91796.5,False,1.0,2700118.9362390717,2755135.357416228,-55016.42117715627,GICRE.BO,True,False,False
2023-09-21,225.8000030517578,222.35000610351562,69020,0.9682125495885742,1468626.2553982756,1555482.2291539637,-86855.97375568817,224.52307598407452,215.2485284244313,86852.8,False,1.0,2700118.9362390717,2755135.357416228,-55016.42117715627,GICRE.BO,True,False,False
2023-09-22,223.10000610351562,225.6999969482422,28564,1.0150662952676826,1490753.012199977,1555482.2291539637,-64729.21695398679,224.48846083420975,215.83529304055605,81476.5,False,1.0,2700118.9362390717,2755135.357416228,-55016.42117715627,GICRE.BO,True,False,False
2023-09-25,225.6999969482422,226.10000610351562,66390,1.0017723046552152,1493395.080703275,1555482.2291539637,-62087.14845068869,224.3500002347506,216.419116749483,83996.4,False,1.0,2700118.9362390717,2755135.357416228,-55016.42117715627,GICRE.BO,True,False,False
2023-09-26,226.5500030517578,223.35000610351562,11268,0.9878372404875524,1475231.275479609,1555482.2291539637,-80250.95367435482,223.81923147348257,216.89411701875574,80168.4,False,1.0,2700118.9362390717,2755135.357416228,-55016.42117715627,GICRE.BO,True,False,False
2023-09-27,222.9499969482422,224.4499969482422,47264,1.0049249644713094,1482496.7370983104,1555482.2291539637,-72985.49205565336,223.4153853196364,217.5102933995864,77334.7,False,1.0,2700118.9362390717,2755135.357416228,-55016.42117715627,GICRE.BO,True,False,False
2023-09-28,227.0,223.39999389648438,44473,0.9953218843126118,1475561.445855989,1555482.2291539637,-79920.78329797485,223.30769230769232,218.08823439654182,77930.4,False,1.0,2700118.9362390717,2755135.357416228,-55016.42117715627,GICRE.BO,True,False,False
2023-09-29,223.6999969482422,225.60000610351562,37354,1.0098478615359796,1490092.5706626084,1555482.2291539637,-65389.65849135537,223.49615478515625,218.7367638980641,76843.6,False,1.0,2700118.9362390717,2755135.357416228,-55016.42117715627,GICRE.BO,True,False,False
2023-10-03,227.4499969482422,222.89999389648438,62181,0.988031861108229,1472258.9358153224,1555482.2291539637,-83223.29333864129,224.7576927771935,219.35294027889475,60990.3,True,1.0,2700118.9362390717,2755135.357416228,-55016.42117715627,GICRE.BO,True,False,False
2023-10-04,223.0,218.14999389648438,26293,0.9786899949301662,1440885.0904289898,1555482.2291539637,-114597.13872497389,225.21923123873196,219.97794027889475,46370.5,False,1.0,2700118.9362390717,2755135.357416228,-55016.42117715627,GICRE.BO,True,False,False
2023-10-05,218.1999969482422,214.25,30705,0.9821224203272956,1415125.5524256337,1555482.2291539637,-140356.6767283301,224.82692307692307,220.45735213335823,42351.2,False,1.0,2700118.9362390717,2755135.357416228,-55016.42117715627,GICRE.BO,True,False,False
2023-10-06,215.0,225.85000610351562,87935,1.0541423855473309,1491743.8256829418,1555482.2291539637,-63738.40347102191,224.08461585411658,221.13823475557214,44242.7,True,1.0,2700118.9362390717,2755135.357416228,-55016.42117715627,GICRE.BO,True,False,False
2023-10-09,215.0,216.35000610351562,54934,0.9579366847763299,1428996.1349102766,1555482.2291539637,-126486.09424368711,222.93076970027045,221.5441171982709,46879.7,True,0.9579366847763299,2586542.982282647,2755135.357416228,-168592.375133581,GICRE.BO,True,False,False
2023-10-10,215.0500030517578,220.3000030517578,11386,1.0182574385801137,1455085.944074621,1555482.2291539637,-100396.28507934278,222.21153963529147,221.97794072768266,41379.3,False,1.0,2586542.982282647,2755135.357416228,-168592.375133581,GICRE.BO,True,False,False
2023-10-11,220.14999389648438,221.0,32918,1.003177471350637,1459709.4379746325,1555482.2291539637,-95772.79117933125,222.10769301194412,222.09852914249197,43544.3,False,1.0,2586542.982282647,2755135.357416228,-168592.375133581,GICRE.BO,True,False,False
2023-10-12,225.0,224.3000030517578,30287,1.0149321405056915,1481506.0243999537,1555482.2291539637,-73976.20475401008,222.000001173753,222.32499964096968,41846.6,False,1.0,2586542.982282647,2755135.357416228,-168592.375133581,GICRE.BO,False,True,False
2023-10-13,220.1999969482422,220.35000610351562,26990,0.9823896705550614,1455416.215235609,1555482.2291539637,-100066.01391835464,221.5576934814453,222.39705882352942,40098.3,False,1.0,2586542.982282647,2755135.357416228,-168592.375133581,GICRE.BO,False,True,False
2023-10-16,223.85000610351562,223.5500030517578,17778,1.0145223365536868,1476552.2593389538,1555482.2291539637,-78929.96981500997,221.57307786207932,222.60735321044922,38140.7,False,1.0,2586542.982282647,2755135.357416228,-168592.375133581,GICRE.BO,False,True,False
2023-10-17,223.5500030517578,226.85000610351562,40705,1.0147618117052486,1498348.845764275,1555482.2291539637,-57133.383389688795,221.7576939509465,222.86029456643496,35993.1,False,1.0,2586542.982282647,2755135.357416228,-168592.375133581,GICRE.BO,False,True,False
2023-10-18,226.89999389648438,224.10000610351562,23310,0.9878774523869965,1480185.0405406088,1555482.2291539637,-75297.18861335493,221.81154104379507,222.99117727840647,35694.8,False,1.0,2586542.982282647,2755135.357416228,-168592.375133581,GICRE.BO,False,True,False
2023-10-19,224.10000610351562,226.5500030517578,39841,1.010932605450758,1496367.3195829531,1555482.2291539637,-59114.90957101062,221.8846177321214,223.19705963134766,36608.4,False,1.0,2586542.982282647,2755135.357416228,-168592.375133581,GICRE.BO,False,True,False
2023-10-20,227.60000610351562,224.89999389648438,73238,0.9927167992361647,1485468.9759779884,1555482.2291539637,-70013.25317597529,222.03846388596756,223.4161771886489,35138.7,False,1.0,2586542.982282647,2755135.357416228,-168592.375133581,GICRE.BO,False,True,False
2023-10-23,224.8000030517578,214.9499969482422,94329,0.95575812708638,1419749.046325645,1555482.2291539637,-135733.1828283188,221.7923102745643,223.28676515467026,39078.2,False,1.0,2586542.982282647,2755135.357416228,-168592.375133581,GICRE.BO,False,True,False
2023-10-25,212.35000610351562,221.6999969482422,33383,1.0314026522253235,1464332.9318746438,1555482.2291539637,-91149.29727931996,222.36538696289062,223.15588289148667,41277.9,False,1.0,2586542.982282647,2755135.357416228,-168592.375133581,GICRE.BO,False,True,False
2023-10-26,224.5500030517578,217.9499969482422,25434,0.9830852501054591,1439564.1065696445,1555482.2291539637,-115918.12258431921,221.7576939509465,222.86323592242073,40529.5,False,1.0,2586542.982282647,2755135.357416228,-168592.375133581,GICRE.BO,False,True,False
2023-10-27,219.4499969482422,225.60000610351562,19240,1.0350998360283994,1490092.5706626081,1555482.2291539637,-65389.6584913556,222.46923241248498,222.72647139605354,39424.8,False,1.0,2586542.982282647,2755135.357416228,-168592.375133581,GICRE.BO,False,True,False
2023-10-30,227.0500030517578,225.8000030517578,6589,1.0008865112714156,1491413.5545219535,1555482.2291539637,-64068.67463201028,222.8923093355619,222.61176569321577,37384.7,False,1.0,2586542.982282647,2755135.357416228,-168592.375133581,GICRE.BO,True,False,False
2023-10-31,225.35000610351562,227.85000610351562,52334,1.009078844216348,1504953.865845608,1555482.2291539637,-50528.36330835568,223.41923288198618,222.7014716653263,40840.3,True,1.0,2586542.982282647,2755135.357416228,-168592.375133581,GICRE.BO,True,False,False
2023-11-01,227.5500030517578,228.6999969482422,25050,1.0037304841867785,1510568.0724439763,1555482.2291539637,-44914.15670998744,223.7576939509465,222.8647070492015,39274.8,False,1.0,2586542.982282647,2755135.357416228,-168592.375133581,GICRE.BO,True,False,False
2023-11-02,230.0,227.14999389648438,22787,0.993222548874329,1500330.2711609884,1555482.2291539637,-55151.95799297537,224.28076993502103,223.47205981086282,39222.5,False,1.0,2586542.982282647,2755135.357416228,-168592.375133581,GICRE.BO,True,False,False
2023-11-03,229.5500030517578,226.75,8898,0.9982390759091693,1497688.3034422982,1555482.2291539637,-57793.925711665535,224.52692354642429,223.90147175508386,36128.2,False,1.0,2586542.982282647,2755135.357416228,-168592.375133581,GICRE.BO,True,False,False
2023-11-06,223.5500030517578,224.0500030517578,47971,0.9880926264686122,1479854.7693796204,1555482.2291539637,-75627.4597743433,224.31153869628906,224.03970695944395,33601.5,True,1.0,2586542.982282647,2755135.357416228,-168592.375133581,GICRE.BO,True,False,False
2023-11-07,227.9499969482422,227.8000030517578,25841,1.0167373351882245,1504623.59468462,1555482.2291539637,-50858.634469343815,224.59615384615384,223.8132364609662,26752.7,False,1.0,2586542.982282647,2755135.357416228,-168592.375133581,GICRE.BO,True,False,False
2023-11-08,225.0500030517578,229.25,84317,1.0063652191783015,1514200.8536456313,1555482.2291539637,-41281.37550833239,224.80384591909555,223.7514715755687,31846.1,True,1.0,2586542.982282647,2755135.357416228,-168592.375133581,GICRE.BO,True,False,False
2023-11-09,231.85000610351562,224.0500030517578,17201,0.9773173524613209,1479854.7693796204,1555482.2291539637,-75627.4597743433,224.73846200796274,223.5867659624885,31022.8,False,1.0,2586542.982282647,2755135.357416228,-168592.375133581,GICRE.BO,True,False,False
2023-11-10,219.0,225.8000030517578,12932,1.0078107564211713,1491413.5545219535,1555482.2291539637,-64068.67463201028,225.57307786207932,223.6882364609662,30392.0,False,1.0,2586542.982282647,2755135.357416228,-168592.375133581,GICRE.BO,True,False,False
2023-11-13,227.25,224.0500030517578,8548,0.9922497786698485,1479854.7693796202,1555482.2291539637,-75627.45977434353,225.75384756234976,223.63970722871667,30587.9,False,1.0,2586542.982282647,2755135.357416228,-168592.375133581,GICRE.BO,True,False,False
2023-11-15,226.9499969482422,224.75,9981,1.0031242889475904,1484478.263279632,1555482.2291539637,-71003.96587433177,226.27692472017728,223.60000116684859,26352.6,False,1.0,2586542.982282647,2755135.357416228,-168592.375133581,GICRE.BO,True,False,False
2023-11-16,226.0,241.9499969482422,292600,1.0765294636184302,1598084.588521641,1598084.588521641,0.0,227.5346163236178,224.14705972110525,53107.6,True,1.0,2586542.982282647,2755135.357416228,-168592.375133581,GICRE.BO,True,False,False
2023-11-17,244.3000030517578,258.8500061035156,390679,1.0698491811053368,1709709.4883669368,1709709.4883669368,0.0,230.0769242506761,225.15882469626035,89896.8,True,1.0698491811053368,2767210.8914888455,2767210.8914888455,0.0,GICRE.BO,True,False,False
2023-11-20,256.0,263.0,115086,1.0160324272691914,1737120.2813906262,1737120.2813906262,0.0,232.78076993502103,226.32353075812844,100515.6,True,1.0160324272691914,2811575.9988451544,2811575.9988451544,0.0,GICRE.BO,True,False,False
2023-11-21,264.8500061035156,265.95001220703125,93033,1.0112167764525903,1756605.1712582456,1756605.1712582456,0.0,235.64615572415866,227.51029564352598,105021.8,False,1.0,2811575.9988451544,2811575.9988451544,0.0,GICRE.BO,True,False,False
2023-11-22,263.3999938964844,268.8999938964844,181321,1.0110922412259815,1776089.8595566486,1776089.8595566486,0.0,238.8576941856971,228.86323681999656,120569.8,True,1.0,2811575.9988451544,2811575.9988451544,0.0,GICRE.BO,True,False,False
2023-11-23,269.54998779296875,263.54998779296875,75080,0.9801041047789121,1740752.9618076726,1776089.8595566486,-35336.897748976015,241.68846247746393,230.19853075812844,119646.1,False,1.0,2811575.9988451544,2811575.9988451544,0.0,GICRE.BO,True,False,False
2023-11-24,263.6000061035156,307.54998779296875,844841,1.1669512503812527,2031373.8453863328,2031373.8453863328,0.0,248.11153822678787,232.94264804615693,202410.1,True,1.0,2811575.9988451544,2811575.9988451544,0.0,GICRE.BO,True,False,False
2023-11-28,306.54998779296875,311.54998779296875,1111559,1.0130060157982925,2057793.9257116658,2057793.9257116658,0.0,254.55384474534256,235.46323574290557,312272.8,True,1.0130060157982925,2848143.4007042344,2848143.4007042344,0.0,GICRE.BO,True,False,False
2023-11-29,310.8500061035156,304.3500061035156,246813,0.9768898026911891,2010237.9020675966,2057793.9257116658,-47556.02364406921,260.33076829176684,238.05147103702322,336099.3,False,1.0,2848143.4007042344,2848143.4007042344,0.0,GICRE.BO,True,False,False
2023-11-30,306.54998779296875,319.20001220703125,442927,1.0487925277007053,2108322.4905892373,2108322.4905892373,0.0,267.6499997652494,240.9602948357077,379393.9,True,1.0,2848143.4007042344,2848143.4007042344,0.0,GICRE.BO,True,False,False
2023-12-01,320.54998779296875,306.79998779296875,149361,0.9611528072059724,2026420.080325333,2108322.4905892373,-81902.41026390437,273.8807678222656,243.4838238884421,365070.0,False,1.0,2848143.4007042344,2848143.4007042344,0.0,GICRE.BO,True,False,False
2023-12-04,310.3999938964844,311.45001220703125,114729,1.0151565338953024,2057133.5849589051,2108322.4905892373,-51188.905630332185,280.60384544959436,246.0470594518325,337475.0,False,1.0,2848143.4007042344,2848143.4007042344,0.0,GICRE.BO,True,False,False
2023-12-05,311.6000061035156,307.75,98542,0.9881200447519273,2032694.9300302858,2108322.4905892373,-75627.56055895146,286.9884608342097,248.61764750761145,335820.6,False,1.0,2848143.4007042344,2848143.4007042344,0.0,GICRE.BO,True,False,False
2023-12-06,307.75,294.1499938964844,241854,0.9558082661136779,1942866.6166103112,2108322.4905892373,-165455.8739789261,291.00384521484375,250.694117826574,350702.7,False,1.0,2848143.4007042344,2848143.4007042344,0.0,GICRE.BO,True,False,False
2023-12-07,294.20001220703125,310.6000061035156,304844,1.0559238910364221,2051519.2775759283,2108322.4905892373,-56803.213013309054,294.984614445613,253.15735312069162,363055.0,False,1.0,2848143.4007042344,2848143.4007042344,0.0,GICRE.BO,True,False,False
2023-12-08,311.1499938964844,304.6499938964844,40981,0.9808434897292041,2012219.3274643095,2108322.4905892373,-96103.16312492779,298.18846012995795,255.52647040872012,359645.1,False,1.0,2848143.4007042344,2848143.4007042344,0.0,GICRE.BO,True,False,False
2023-12-11,304.79998779296875,305.0,57877,1.0011488794043257,2014531.1248066195,2108322.4905892373,-93791.36578261782,301.1923053448017,257.833823260139,280948.7,False,1.0,2848143.4007042344,2848143.4007042344,0.0,GICRE.BO,True,False,False
2023-12-12,309.54998779296875,312.5,627822,1.0245901639344261,2064068.7754166182,2108322.4905892373,-44253.71517261909,304.54615196814905,260.41029402788945,232575.0,True,1.0,2848143.4007042344,2848143.4007042344,0.0,GICRE.BO,True,False,False
2023-12-13,316.95001220703125,312.75,201717,1.0008,2065720.0304369514,2108322.4905892373,-42602.46015228587,308.33076829176684,263.2867647058824,228065.4,False,1.0,2848143.4007042344,2848143.4007042344,0.0,GICRE.BO,True,False,False
2023-12-14,316.3500061035156,313.1000061035156,99583,1.0011191242318644,2068031.8277792612,2108322.4905892373,-40290.662809976144,308.7576927771935,265.97500026927275,193731.0,False,1.0,2848143.4007042344,2848143.4007042344,0.0,GICRE.BO,True,False,False
2023-12-15,316.0,318.45001220703125,116591,1.0170872117509535,2103368.725528237,2108322.4905892373,-4953.765061000362,309.28846388596753,268.93088307100186,190454.0,False,1.0,2848143.4007042344,2848143.4007042344,0.0,GICRE.BO,True,False,False
2023-12-18,317.0,319.5,136619,1.0032971824547652,2110303.9159859503,2110303.9159859503,0.0,310.45384803185095,271.69264759736905,192643.0,False,1.0,2848143.4007042344,2848143.4007042344,0.0,GICRE.BO,True,False,False
2023-12-19,322.6000061035156,322.70001220703125,276299,1.0100156876589397,2131440.060873903,2131440.060873903,0.0,310.7230788010817,274.5426478666418,210418.7,True,1.0,2848143.4007042344,2848143.4007042344,0.0,GICRE.BO,True,False,False
2023-12-20,325.0,305.3500061035156,138255,0.946234876209473,2016842.9221489287,2131440.060873903,-114597.13872497412,310.6115417480469,276.82205963134766,200058.8,False,1.0,2848143.4007042344,2848143.4007042344,0.0,GICRE.BO,True,False,False
2023-12-21,300.29998779296875,310.29998779296875,111262,1.016210845228459,2049537.6506099983,2131440.060873903,-81902.4102639046,310.5230783315805,279.2220593620749,180700.6,False,1.0,2848143.4007042344,2848143.4007042344,0.0,GICRE.BO,True,False,False
2023-12-22,311.0,313.8999938964844,122968,1.0116016959237444,2073315.763216641,2131440.060873903,-58124.297657261835,310.99615478515625,281.7735299503102,188899.3,False,1.0,2848143.4007042344,2848143.4007042344,0.0,GICRE.BO,True,False,False
2023-12-26,314.54998779296875,312.04998779296875,29315,0.9941063837544205,2061096.4357523315,2131440.060873903,-70343.62512157136,312.3730773925781,284.28235312069165,186043.1,False,1.0,2848143.4007042344,2848143.4007042344,0.0,GICRE.BO,True,False,False
2023-12-27,313.54998779296875,313.54998779296875,62126,1.0048069221556746,2071003.9658743313,2131440.060873903,-60436.094999571564,312.5999990609976,286.9147056130802,129473.5,False,1.0,2848143.4007042344,2848143.4007042344,0.0,GICRE.BO,True,False,False
2023-12-28,314.6499938964844,313.8500061035156,35790,1.000956843636508,2072985.592840261,2131440.060873903,-58454.46803364181,313.3076923076923,289.44558805577896,112880.8,False,1.0,2848143.4007042344,2848143.4007042344,0.0,GICRE.BO,True,False,False
2023-12-29,315.45001220703125,308.54998779296875,39013,0.98311289403385,2037978.8654676655,2131440.060873903,-93461.19540623738,313.58076829176684,291.7779406379251,106823.8,False,1.0,2848143.4007042344,2848143.4007042344,0.0,GICRE.BO,True,False,False
2024-01-01,311.95001220703125,311.79998779296875,90413,1.0105331392921029,2059445.180731998,2131440.060873903,-71994.88014190481,313.5269211989183,294.35882254207837,104206.0,False,1.0,2848143.4007042344,2848143.4007042344,0.0,GICRE.BO,True,False,False
2024-01-02,312.3500061035156,309.3999938964844,40175,0.9923027774520699,2043593.172850642,2131440.060873903,-87846.88802326098,313.26922842172473,296.8176458022174,94561.6,False,1.0,2848143.4007042344,2848143.4007042344,0.0,GICRE.BO,True,False,False
2024-01-03,310.0,310.79998779296875,84442,1.0045248672401486,2052840.160650665,2131440.060873903,-78599.90022323793,313.0923039362981,299.36911594166475,75375.9,True,1.0,2848143.4007042344,2848143.4007042344,0.0,GICRE.BO,True,False,False
2024-01-04,310.1499938964844,316.54998779296875,169333,1.0185006442272777,2090819.0261183304,2131440.060873903,-40621.034755572444,312.9461482121394,302.0691155826344,78483.7,True,1.0185006442272777,2900835.8884689324,2900835.8884689324,0.0,GICRE.BO,True,False,False
2024-01-05,319.45001220703125,313.95001220703125,37659,0.9917865244473238,2073646.1351622376,2131440.060873903,-57793.9257116653,312.51922607421875,304.18676309024585,71123.4,False,1.0,2900835.8884689324,2900835.8884689324,0.0,GICRE.BO,True,False,False
2024-01-08,315.8500061035156,311.04998779296875,35140,0.9907627829230657,2054491.4156709982,2131440.060873903,-76948.6452029047,311.6230703500601,305.7220566693474,62340.6,False,1.0,2900835.8884689324,2900835.8884689324,0.0,GICRE.BO,True,False,False
2024-01-09,314.1499938964844,310.95001220703125,16832,0.9996785867549879,2053831.0749182375,2131440.060873903,-77608.98595566535,312.0538400503305,307.1323511460248,61092.3,False,1.0,2900835.8884689324,2900835.8884689324,0.0,GICRE.BO,True,False,False
2024-01-10,311.8500061035156,305.1499938964844,62366,0.981347425364675,2015521.8375049753,2131440.060873903,-115918.2233689276,311.65768667367786,308.2852917839499,61116.3,True,1.0,2900835.8884689324,2900835.8884689324,0.0,GICRE.BO,True,False,False
2024-01-11,304.75,303.54998779296875,45480,0.9947566569375113,2004953.765060999,2131440.060873903,-126486.2958129039,310.8615323580228,309.30440925149355,62085.3,False,1.0,2900835.8884689324,2900835.8884689324,0.0,GICRE.BO,True,False,False
2024-01-12,304.0,305.29998779296875,32155,1.0057651130633336,2016512.550203332,2131440.060873903,-114927.51067057089,310.34230158879205,310.53235042796416,61399.5,False,1.0,2900835.8884689324,2900835.8884689324,0.0,GICRE.BO,False,True,False
2024-01-15,308.04998779296875,311.54998779296875,50633,1.0204716680311114,2057793.9257116644,2131440.060873903,-73646.1351622385,310.1884554349459,310.6499974867877,57421.5,False,1.0,2900835.8884689324,2900835.8884689324,0.0,GICRE.BO,False,True,False
2024-01-16,313.0,310.8500061035156,234229,0.9977532283200785,2053170.532596261,2131440.060873903,-78269.52827764186,309.9576862041767,310.62940979003906,76826.9,False,1.0,2900835.8884689324,2900835.8884689324,0.0,GICRE.BO,False,True,False
2024-01-17,300.1499938964844,309.5,189738,0.9956570497763926,2044253.715172618,2131440.060873903,-87186.34570128494,310.030764066256,310.7808801987592,87356.5,False,1.0,2900835.8884689324,2900835.8884689324,0.0,GICRE.BO,False,True,False
2024-01-19,305.54998779296875,357.29998779296875,544896,1.154442609993437,2359973.5944326576,2359973.5944326576,0.0,313.530764066256,311.9014677159926,124912.8,True,1.0,2900835.8884689324,2900835.8884689324,0.0,GICRE.BO,True,False,False
2024-01-23,368.6499938964844,334.54998779296875,169883,0.9363280134977724,2209709.3875823277,2359973.5944326576,-150264.20685032988,315.4653789813702,312.71764418658086,138135.2,True,0.9363280134977724,2716133.904933161,2900835.8884689324,-184701.98353577126,GICRE.BO,True,False,False
2024-01-24,334.6000061035156,362.29998779296875,461106,1.082947245591211,2392998.6948393234,2392998.6948393234,0.0,319.42691744290863,314.21323170381436,180731.8,True,1.082947245591211,2941429.7310042665,2941429.7310042665,0.0,GICRE.BO,True,False,False
2024-01-25,362.79998779296875,352.70001220703125,124700,0.9735026886298895,2329590.6633138983,2392998.6948393234,-63408.03152542515,322.2076885516827,315.53529088637407,191518.6,False,1.0,2941429.7310042665,2941429.7310042665,0.0,GICRE.BO,True,False,False
2024-01-29,355.1499938964844,370.54998779296875,345425,1.050609512243112,2447490.1105103223,2447490.1105103223,0.0,326.56153282752405,317.78234953038833,219824.5,True,1.0,2941429.7310042665,2941429.7310042665,0.0,GICRE.BO,True,False,False
2024-01-30,373.6499938964844,374.70001220703125,327257,1.011199634464382,2474901.1051032282,2474901.1051032282,0.0,331.4576885516827,319.66764382755053,248002.2,True,1.011199634464382,2974372.6687941803,2974372.6687941803,0.0,GICRE.BO,True,False,False
2024-01-31,379.75,376.6499938964844,92039,1.0052041142939054,2487780.773320298,2487780.773320298,0.0,336.51153329702527,321.78529088637407,253990.6,False,1.0,2974372.6687941803,2974372.6687941803,0.0,GICRE.BO,True,False,False
2024-02-01,380.5,368.79998779296875,90504,0.9791583532968992,2435931.3253679895,2487780.773320298,-51849.44795230869,341.40768667367786,323.66176111557905,257977.7,False,1.0,2974372.6687941803,2974372.6687941803,0.0,GICRE.BO,True,False,False
2024-02-02,370.54998779296875,377.29998779296875,69556,1.0230477231055972,2492073.9960593213,2492073.9960593213,0.0,347.0807635967548,325.5676431094899,241510.4,False,1.0,2974372.6687941803,2974372.6687941803,0.0,GICRE.BO,True,False,False
2024-02-05,379.8999938964844,409.1499938964844,1075140,1.084415603323561,2702443.9259636262,2702443.9259636262,0.0,355.06922560471753,328.4029370476218,330050.6,True,1.0,2974372.6687941803,2974372.6687941803,0.0,GICRE.BO,True,False,False
2024-02-06,413.54998779296875,408.25,424488,0.9978003326166196,2696499.44820427,2702443.9259636262,-5944.477759356145,362.5076880821815,331.20146627987134,318009.8,True,0.9978003326166196,2967830.038248616,2974372.6687941803,-6542.6305455644615,GICRE.BO,True,False,False
2024-02-07,410.3500061035156,404.25,248431,0.9902020820575628,2670079.3678789376,2702443.9259636262,-32364.558084688615,369.69230299729566,333.7249953326057,325864.6,False,1.0,2967830.038248616,2974372.6687941803,-6542.6305455644615,GICRE.BO,True,False,False
2024-02-08,392.29998779296875,441.45001220703125,1329850,1.0920222936475728,2915786.1955322186,2915786.1955322186,0.0,379.8423039362981,337.31176039751836,412739.0,True,1.0,2967830.038248616,2974372.6687941803,-6542.6305455644615,GICRE.BO,True,False,False
2024-02-09,445.8500061035156,405.8500061035156,509338,0.9193566539379323,2680647.440322914,2915786.1955322186,-235138.7552093044,383.57692072941705,339.7573484532973,451202.8,True,0.9193566539379323,2728494.293420733,2974372.6687941803,-245878.3753734473,GICRE.BO,True,False,False
2024-02-12,409.54998779296875,347.3500061035156,378882,0.8558580778114389,2294253.7655649227,2915786.1955322186,-621532.4299672958,384.56153752253607,340.9926425709444,454548.5,False,1.0,2728494.293420733,2974372.6687941803,-245878.3753734473,GICRE.BO,True,False,False
2024-02-13,347.5,360.6499938964844,332437,1.0382898734972388,2382100.4520189674,2915786.1955322186,-533685.7435132512,384.4346149151142,342.47352510340073,455066.5,False,1.0,2728494.293420733,2974372.6687941803,-245878.3753734473,GICRE.BO,True,False,False
2024-02-14,356.3500061035156,379.54998779296875,214825,1.0524053631397237,2506935.2912423215,2915786.1955322186,-408850.90428989707,386.499997652494,344.40440727682676,467345.1,False,1.0,2728494.293420733,2974372.6687941803,-245878.3753734473,GICRE.BO,True,False,False
2024-02-15,383.95001220703125,384.45001220703125,140968,1.0129100897685586,2539300.050896227,2915786.1955322186,-376486.14463599166,387.56923029972955,346.5338197595933,472391.5,False,1.0,2728494.293420733,2974372.6687941803,-245878.3753734473,GICRE.BO,True,False,False
2024-02-16,388.1499938964844,426.3500061035156,852744,1.1089868450151608,2816050.3519902444,2915786.1955322186,-99735.8435419742,391.5423067533053,349.8514673569623,550710.3,True,1.0,2728494.293420733,2974372.6687941803,-245878.3753734473,GICRE.BO,True,False,False
2024-02-19,427.8500061035156,423.79998779296875,186705,0.9940189556138349,2799207.4298413144,2915786.1955322186,-116578.76569090411,395.1692293607272,353.08529034782856,461866.8,False,1.0,2728494.293420733,2974372.6687941803,-245878.3753734473,GICRE.BO,True,False,False
2024-02-20,425.6000061035156,407.6000061035156,126716,0.9617744640017144,2692206.225465247,2915786.1955322186,-223579.9700669716,398.15384615384613,355.99852618049175,432089.6,False,1.0,2728494.293420733,2974372.6687941803,-245878.3753734473,GICRE.BO,True,False,False
2024-02-21,410.0,426.1000061035156,789226,1.045387634256565,2814399.0969699104,2915786.1955322186,-101387.09856230812,401.9076937161959,359.3602914249196,486169.1,True,1.0,2728494.293420733,2974372.6687941803,-245878.3753734473,GICRE.BO,True,False,False
2024-02-22,434.6499938964844,430.79998779296875,254184,1.0110302314530155,2845442.5704106465,2915786.1955322186,-70343.62512157205,403.57307786207934,362.93087948069854,378602.5,False,1.0,2728494.293420733,2974372.6687941803,-245878.3753734473,GICRE.BO,True,False,False
2024-02-23,434.29998779296875,421.1000061035156,150441,0.977483793026209,2781373.9965632446,2915786.1955322186,-134412.19896897394,404.56153987004205,366.17499766630283,342712.8,False,1.0,2728494.293420733,2974372.6687941803,-245878.3753734473,GICRE.BO,True,False,False
2024-02-26,412.79998779296875,402.20001220703125,92342,0.9551175644204614,2656539.157339891,2915786.1955322186,-259247.0381923276,404.4038485013522,368.6941160314223,314058.8,False,1.0,2728494.293420733,2974372.6687941803,-245878.3753734473,GICRE.BO,True,False,False
2024-02-27,404.0,407.5,292072,1.0131774928694945,2691545.6831432707,2915786.1955322186,-224240.5123889479,401.7923091008113,371.4455862606273,310022.3,False,1.0,2728494.293420733,2974372.6687941803,-245878.3753734473,GICRE.BO,True,False,False
2024-02-28,408.20001220703125,388.1499938964844,256414,0.9525153224453604,2563738.50425563,2915786.1955322186,-352047.6912765885,400.43076970027045,373.713233498966,314181.2,False,1.0,2728494.293420733,2974372.6687941803,-245878.3753734473,GICRE.BO,True,False,False
2024-02-29,389.20001220703125,379.8999938964844,195328,0.9787453300792781,2509247.088584631,2915786.1955322186,-406539.10694758734,402.9346149151142,375.74117413689106,319617.2,False,1.0,2728494.293420733,2974372.6687941803,-245878.3753734473,GICRE.BO,True,False,False
2024-03-01,386.95001220703125,387.29998779296875,56662,1.0194787944600514,2558124.196872654,2915786.1955322186,-357661.99865956465,404.984614445613,378.15735042796416,240009.0,False,1.0,2728494.293420733,2974372.6687941803,-245878.3753734473,GICRE.BO,True,False,False
2024-03-04,390.0,398.95001220703125,207762,1.0300801052962854,2635072.842075559,2915786.1955322186,-280713.3534566597,406.4769240159255,380.963233498966,242114.7,False,1.0,2728494.293420733,2974372.6687941803,-245878.3753734473,GICRE.BO,True,False,False
2024-03-05,400.95001220703125,392.0,54544,0.9825792405204273,2589167.8718826063,2915786.1955322186,-326618.32364961226,407.0576923076923,383.51323385799634,234897.5,False,1.0,2728494.293420733,2974372.6687941803,-245878.3753734473,GICRE.BO,True,False,False
2024-03-06,387.45001220703125,373.3999938964844,110897,0.9525510048379704,2466314.458055966,2915786.1955322186,-449471.7374762525,402.984614445613,385.3323516845703,167064.6,False,1.0,2728494.293420733,2974372.6687941803,-245878.3753734473,GICRE.BO,True,False,False
2024-03-07,377.95001220703125,367.1000061035156,125855,0.9831280452706294,2424702.9121712535,2915786.1955322186,-491083.2833609651,398.6230773925781,386.98676344927617,154231.7,False,1.0,2728494.293420733,2974372.6687941803,-245878.3753734473,GICRE.BO,True,False,False
2024-03-11,368.0,357.1499938964844,187296,0.9728956359531481,2358982.881734302,2915786.1955322186,-556803.3137979168,394.7423072228065,388.38823385799634,157917.2,True,1.0,2728494.293420733,2974372.6687941803,-245878.3753734473,GICRE.BO,True,False,False
2024-03-12,357.45001220703125,343.29998779296875,200694,0.9612207578322685,2267503.313293994,2915786.1955322186,-648282.8822382246,388.37307504507214,387.97646915211396,168752.4,True,0.9612207578322685,2622685.3524628966,2974372.6687941803,-351687.31633128366,GICRE.BO,True,False,False
2024-03-13,344.54998779296875,316.20001220703125,329639,0.9210603654251206,2088507.4303452375,2915786.1955322186,-827278.7651869811,379.5576923076923,387.4367639878217,172509.1,False,1.0,2622685.3524628966,2974372.6687941803,-351687.31633128366,GICRE.BO,False,True,False
2024-03-14,301.1499938964844,337.79998779296875,262311,1.0683111155979177,2231175.702846661,2915786.1955322186,-684610.4926855573,373.1499985914964,386.7161757525276,173098.8,False,1.0,2622685.3524628966,2974372.6687941803,-351687.31633128366,GICRE.BO,False,True,False
2024-03-15,337.3500061035156,332.75,124821,0.9850503612330981,2197820.4320636154,2915786.1955322186,-717965.7634686031,367.8076899601863,386.1294106876149,166048.1,False,1.0,2622685.3524628966,2974372.6687941803,-351687.31633128366,GICRE.BO,False,True,False
2024-03-18,337.6499938964844,333.8500061035156,148465,1.0033058034666134,2205085.9944669246,2915786.1955322186,-710700.201065294,362.14230581430286,385.0499994614545,175228.4,False,1.0,2622685.3524628966,2974372.6687941803,-351687.31633128366,GICRE.BO,False,True,False
2024-03-19,336.04998779296875,326.5,89607,0.9779841067271491,2156539.056555283,2915786.1955322186,-759247.1389769358,357.3999985914964,383.63235204360063,163412.9,False,1.0,2622685.3524628966,2974372.6687941803,-351687.31633128366,GICRE.BO,False,True,False
2024-03-20,331.75,329.29998779296875,90666,1.008575766594085,2175033.032155329,2915786.1955322186,-740753.1633768897,353.5076904296875,382.23970480526197,167025.1,False,1.0,2622685.3524628966,2974372.6687941803,-351687.31633128366,GICRE.BO,False,True,False
2024-03-21,336.8999938964844,338.54998779296875,110105,1.0280898886817313,2236129.4679076606,2915786.1955322186,-679656.7276245579,349.7576904296875,381.349998922909,166945.9,False,1.0,2622685.3524628966,2974372.6687941803,-351687.31633128366,GICRE.BO,False,True,False
2024-03-22,337.95001220703125,335.0,58104,0.9895141399469207,2212681.727246614,2915786.1955322186,-703104.4682856044,344.83845872145434,380.1058816348805,160170.8,False,1.0,2622685.3524628966,2974372.6687941803,-351687.31633128366,GICRE.BO,False,True,False
2024-03-26,335.54998779296875,326.79998779296875,91489,0.9755223516208023,2158520.4819519958,2915786.1955322186,-757265.7135802228,339.8230731670673,377.68382263183594,150590.1,False,1.0,2622685.3524628966,2974372.6687941803,-351687.31633128366,GICRE.BO,False,True,False
2024-03-27,327.04998779296875,331.8500061035156,108758,1.015452932984031,2191875.9543042583,2915786.1955322186,-723910.2412279602,336.6269202599159,375.4367639878217,141396.5,False,1.0,2622685.3524628966,2974372.6687941803,-351687.31633128366,GICRE.BO,False,True,False
2024-03-28,332.0,329.95001220703125,122748,0.9942745401189124,2179326.4564635684,2915786.1955322186,-736459.7390686502,333.76922842172473,373.251470229205,120707.4,False,1.0,2622685.3524628966,2974372.6687941803,-351687.31633128366,GICRE.BO,False,True,False
2024-04-01,329.75,344.45001220703125,247817,1.0439460508063318,2275099.2476428994,2915786.1955322186,-640686.9478893192,332.7923067533053,370.3985290527344,119258.0,False,1.0,2622685.3524628966,2974372.6687941803,-351687.31633128366,GICRE.BO,False,True,False
2024-04-02,346.3999938964844,339.20001220703125,92154,0.9847583108899863,2240422.8922159006,2915786.1955322186,-675363.303316318,332.4769240159255,368.4382351146025,115991.3,False,1.0,2622685.3524628966,2974372.6687941803,-351687.31633128366,GICRE.BO,False,True,False
2024-04-03,341.3999938964844,341.70001220703125,118244,1.0073702827536284,2256935.4424192337,2915786.1955322186,-658850.7531129848,334.43846247746393,368.2720588235294,112969.2,False,1.0,2622685.3524628966,2974372.6687941803,-351687.31633128366,GICRE.BO,False,True,False
2024-04-04,347.54998779296875,340.6499938964844,129657,0.9969270755837413,2250000.0503923036,2915786.1955322186,-665786.1451399149,334.6576937161959,367.68382352941177,116974.2,False,1.0,2622685.3524628966,2974372.6687941803,-351687.31633128366,GICRE.BO,False,True,False
2024-04-05,341.8500061035156,341.45001220703125,48337,1.0023485052836665,2255284.1873989,2915786.1955322186,-660502.0081333187,335.3269254244291,366.5632360121783,112741.3,False,1.0,2622685.3524628966,2974372.6687941803,-351687.31633128366,GICRE.BO,False,True,False
2024-04-08,342.1000061035156,336.79998779296875,37089,0.9863815368346127,2224570.682765328,2915786.1955322186,-691215.5127668907,335.55384709284857,365.1617647058824,105439.7,False,1.0,2622685.3524628966,2974372.6687941803,-351687.31633128366,GICRE.BO,False,True,False
2024-04-09,340.0,334.5,84785,0.9931710573743175,2209379.217205948,2915786.1955322186,-706406.9783262704,336.16923170823316,362.4602939381319,108107.8,False,1.0,2622685.3524628966,2974372.6687941803,-351687.31633128366,GICRE.BO,False,True,False
2024-04-10,331.1499938964844,329.20001220703125,85940,0.9841554923977018,2174372.691402569,2915786.1955322186,-741413.5041296496,336.16154127854566,359.67794171501606,107552.9,False,1.0,2622685.3524628966,2974372.6687941803,-351687.31633128366,GICRE.BO,False,True,False
2024-04-12,327.04998779296875,324.70001220703125,75476,0.9863304986842771,2144650.1010365696,2915786.1955322186,-771136.094495649,335.0961585411659,357.2397066004136,104224.7,False,1.0,2622685.3524628966,2974372.6687941803,-351687.31633128366,GICRE.BO,False,True,False
2024-04-15,280.25,325.79998779296875,222367,1.003387667214611,2151915.4618706633,2915786.1955322186,-763870.7336615552,334.38846529447113,354.2897060618681,114186.6,False,1.0,2622685.3524628966,2974372.6687941803,-351687.31633128366,GICRE.BO,False,True,False
2024-04-16,325.70001220703125,327.8500061035156,96414,1.0062922602435749,2165455.8739789263,2915786.1955322186,-750330.3215532922,334.469235933744,351.261765423943,99046.3,False,1.0,2622685.3524628966,2974372.6687941803,-351687.31633128366,GICRE.BO,False,True,False
2024-04-18,331.54998779296875,331.1499938964844,32946,1.010065541349805,2187252.3596196393,2915786.1955322186,-728533.8359125792,334.41538884089545,348.61617682961855,93125.5,False,1.0,2622685.3524628966,2974372.6687941803,-351687.31633128366,GICRE.BO,False,True,False
2024-04-19,328.29998779296875,324.95001220703125,92076,0.9812774217009613,2146301.356056904,2915786.1955322186,-769484.8394753146,334.03077345628003,346.34411800608916,90508.7,False,1.0,2622685.3524628966,2974372.6687941803,-351687.31633128366,GICRE.BO,False,True,False
2024-04-22,327.1499938964844,329.3999938964844,61917,1.0136943576620578,2175693.574477307,2915786.1955322186,-740092.6210549115,332.8730797400841,344.0470590030446,83734.7,False,1.0,2622685.3524628966,2974372.6687941803,-351687.31633128366,GICRE.BO,False,True,False
2024-04-23,334.1499938964844,327.8999938964844,51188,0.9954462658536922,2165786.0443553072,2915786.1955322186,-750000.1511769113,332.00384756234973,342.2750001795152,84019.8,False,1.0,2622685.3524628966,2974372.6687941803,-351687.31633128366,GICRE.BO,False,True,False
2024-04-24,330.29998779296875,327.29998779296875,73825,0.9981701551854708,2161822.991992664,2915786.1955322186,-753963.2035395545,330.89615337665265,340.7279411764706,87693.4,False,1.0,2622685.3524628966,2974372.6687941803,-351687.31633128366,GICRE.BO,False,True,False
2024-04-25,327.79998779296875,331.5,98528,1.0128323017527514,2189564.1569619495,2915786.1955322186,-726222.038570269,330.1923076923077,339.0867650649127,89067.7,False,1.0,2622685.3524628966,2974372.6687941803,-351687.31633128366,GICRE.BO,False,True,False
2024-04-26,331.1000061035156,341.29998779296875,179529,1.029562557444853,2254293.273131328,2915786.1955322186,-661492.9224008904,330.1807673527644,337.3911761115579,98426.6,False,1.0,2622685.3524628966,2974372.6687941803,-351687.31633128366,GICRE.BO,False,True,False
2024-04-29,348.5,353.04998779296875,411871,1.0344271913866212,2331902.259086993,2915786.1955322186,-583883.9364452255,331.4307673527644,336.24558751723345,132066.1,False,1.0,2622685.3524628966,2974372.6687941803,-351687.31633128366,GICRE.BO,False,True,False
2024-04-30,355.45001220703125,345.79998779296875,43845,0.9794646643515778,2284015.8634973275,2915786.1955322186,-631770.332034891,332.2999971829928,335.43382263183594,114213.9,False,1.0,2622685.3524628966,2974372.6687941803,-351687.31633128366,GICRE.BO,False,True,False
2024-05-02,346.6000061035156,341.25,62455,0.9868421400995167,2253963.102754948,2915786.1955322186,-661823.0927772704,333.22691932091345,334.67352833467373,110818.0,False,1.0,2622685.3524628966,2974372.6687941803,-351687.31633128366,GICRE.BO,False,True,False
2024-05-03,344.04998779296875,339.6499938964844,104732,0.9953113374255952,2243395.030310972,2915786.1955322186,-672391.1652212464,334.37691791240985,334.15882245232075,117996.6,False,1.0,2622685.3524628966,2974372.6687941803,-351687.31633128366,GICRE.BO,True,False,False
2024-05-06,339.70001220703125,331.79998779296875,40078,0.9768879545279542,2191545.582358663,2915786.1955322186,-724240.6131735556,334.8384563739483,333.8205871582031,112796.8,False,1.0,2622685.3524628966,2974372.6687941803,-351687.31633128366,GICRE.BO,True,False,False
2024-05-07,329.04998779296875,324.79998779296875,40465,0.9789029528103306,2145310.441789331,2915786.1955322186,-770475.7537428876,334.60383958082934,334.07352761661303,110651.6,False,1.0,2622685.3524628966,2974372.6687941803,-351687.31633128366,GICRE.BO,True,False,False
2024-05-08,327.8500061035156,324.8999938964844,39913,1.0003079005765831,2145970.9841113077,2915786.1955322186,-769815.2114209109,334.1230703500601,333.6941160314223,109524.1,False,1.0,2622685.3524628966,2974372.6687941803,-351687.31633128366,GICRE.BO,True,False,False
2024-05-09,325.5,321.54998779296875,44518,0.9896891161389711,2123844.126524998,2915786.1955322186,-791942.0690072207,333.86153001051684,333.36470390768613,106593.4,False,1.0,2622685.3524628966,2974372.6687941803,-351687.31633128366,GICRE.BO,True,False,False
2024-05-10,322.6499938964844,320.8999938964844,62558,0.9979785603447049,2119550.9037859747,2915786.1955322186,-796235.2917462438,333.20768385667066,332.9838211957146,102996.4,False,1.0,2622685.3524628966,2974372.6687941803,-351687.31633128366,GICRE.BO,True,False,False
2024-05-13,320.04998779296875,323.04998779296875,17851,1.0066998876203717,2133751.6566469977,2915786.1955322186,-782034.5388852209,332.83460646409253,332.882350248449,86828.6,False,1.0,2622685.3524628966,2974372.6687941803,-351687.31633128366,GICRE.BO,False,True,False
2024-05-14,323.6000061035156,329.6499938964844,41776,1.020430293616805,2177344.82949764,2915786.1955322186,-738441.3660345785,333.015376164363,332.89264454561123,49819.1,False,1.0,2622685.3524628966,2974372.6687941803,-351687.31633128366,GICRE.BO,True,False,False
2024-05-15,329.0,341.04998779296875,140297,1.034582114689995,2252642.018110995,2915786.1955322186,-663144.1774212234,333.74999060997595,332.96617395737593,59464.3,True,1.0,2622685.3524628966,2974372.6687941803,-351687.31633128366,GICRE.BO,True,False,False
2024-05-16,342.0,337.45001220703125,72530,0.9894444342038129,2228864.1070735687,2915786.1955322186,-686922.0884586498,333.4538386418269,333.03823313993564,60471.8,True,0.9894444342038129,2595001.4246622785,2974372.6687941803,-379371.24413190177,GICRE.BO,True,False,False
2024-05-17,337.04998779296875,342.8999938964844,19192,1.0161504859751183,2264861.345575305,2915786.1955322186,-650924.8499569134,332.6730698805589,333.5117627312155,51917.8,False,1.0,2595001.4246622785,2974372.6687941803,-379371.24413190177,GICRE.BO,False,True,False
2024-05-21,342.6000061035156,345.8500061035156,99559,1.0086031270327809,2284346.2354429243,2915786.1955322186,-631439.9600892942,332.67691744290863,333.9235274370979,57865.9,False,1.0,2595001.4246622785,2974372.6687941803,-379371.24413190177,GICRE.BO,False,True,False
2024-05-22,348.6000061035156,379.3999938964844,981093,1.0970073361309323,2505944.578543966,2915786.1955322186,-409841.6169882524,335.6115323580228,335.37793866325825,151928.7,True,1.0,2595001.4246622785,2974372.6687941803,-379371.24413190177,GICRE.BO,True,False,False
2024-05-23,379.0,381.20001220703125,234365,1.0047443814957941,2517833.7356318957,2915786.1955322186,-397952.45990032284,338.8076876126803,336.45882101619947,171373.9,True,1.0047443814957941,2607313.1014030054,2974372.6687941803,-367059.56739117485,GICRE.BO,True,False,False
2024-05-24,377.95001220703125,369.20001220703125,55843,0.968520462707953,2438573.4946558974,2915786.1955322186,-477212.7008763212,341.68461256760816,337.34117395737593,172506.4,False,1.0,2607313.1014030054,2974372.6687941803,-367059.56739117485,GICRE.BO,True,False,False
2024-05-27,372.3500061035156,364.6000061035156,89056,0.9875406122659168,2408190.3619679213,2915786.1955322186,-507595.8335642973,344.74615243765027,338.01470318962544,175156.2,False,1.0,2607313.1014030054,2974372.6687941803,-367059.56739117485,GICRE.BO,True,False,False
2024-05-28,367.95001220703125,357.1000061035156,95960,0.9794295121381028,2358652.7113579228,2915786.1955322186,-557133.4841742958,347.22307645357574,338.4985270780676,182967.1,False,1.0,2607313.1014030054,2974372.6687941803,-367059.56739117485,GICRE.BO,True,False,False
2024-05-29,355.95001220703125,355.0,80412,0.9941192773239358,2344782.1288732793,2915786.1955322186,-571004.0666589392,349.79615431565503,338.89705613080196,186830.7,False,1.0,2607313.1014030054,2974372.6687941803,-367059.56739117485,GICRE.BO,True,False,False
2024-05-30,356.0,356.25,33490,1.0035211267605635,2353038.403974946,2915786.1955322186,-562747.7915572724,352.515385554387,339.46911531336167,176150.0,False,1.0,2607313.1014030054,2974372.6687941803,-367059.56739117485,GICRE.BO,True,False,False
2024-05-31,351.3500061035156,356.04998779296875,61968,0.9994385622258772,2351717.319330993,2915786.1955322186,-564068.8762012254,355.05384709284857,340.1029384837431,175093.8,False,1.0,2607313.1014030054,2974372.6687941803,-367059.56739117485,GICRE.BO,True,False,False
2024-06-03,377.8999938964844,370.1499938964844,78787,1.0396011981096158,2444848.1427916344,2915786.1955322186,-470938.0527405841,358.16923170823316,341.3073497099035,181053.3,False,1.0,2607313.1014030054,2974372.6687941803,-367059.56739117485,GICRE.BO,True,False,False
2024-06-04,372.0,348.79998779296875,126565,0.9423206633646837,2303830.923741328,2915786.1955322186,-611955.2717908905,358.765385554387,342.0161725212546,183753.9,False,1.0,2607313.1014030054,2974372.6687941803,-367059.56739117485,GICRE.BO,True,False,False
2024-06-05,350.79998779296875,344.8999938964844,50720,0.9888188244467507,2278071.3857379714,2915786.1955322186,-637714.8097942472,359.3384610689603,342.5779374066521,90716.6,False,1.0,2607313.1014030054,2974372.6687941803,-367059.56739117485,GICRE.BO,True,False,False
2024-06-06,348.3999938964844,360.54998779296875,84450,1.045375454257565,2381439.9096969925,2915786.1955322186,-534346.2858352261,360.69615290715143,343.53970157398896,75725.1,True,1.0,2607313.1014030054,2974372.6687941803,-367059.56739117485,GICRE.BO,True,False,False
2024-06-07,366.0,364.29998779296875,27709,1.0104007769434546,2406208.735001992,2915786.1955322186,-509577.4605302266,362.1153822678786,344.51470139447383,72911.7,False,1.0,2607313.1014030054,2974372.6687941803,-367059.56739117485,GICRE.BO,True,False,False
2024-06-10,365.0,380.04998779296875,381355,1.043233600131084,2510237.80128299,2915786.1955322186,-405548.39424922876,362.1653817983774,346.1352889117073,102141.6,True,1.0,2607313.1014030054,2974372.6687941803,-367059.56739117485,GICRE.BO,True,False,False
2024-06-11,383.8999938964844,386.8999938964844,156756,1.0180239608565576,2555482.2291539656,2915786.1955322186,-360303.96637825295,362.6038419283353,347.8264653822955,108221.2,True,1.0180239608565576,2654307.2106834827,2974372.6687941803,-320065.45811069757,GICRE.BO,True,False,False
2024-06-12,387.54998779296875,389.1000061035156,49021,1.0056862554710193,2570013.3539605853,2915786.1955322186,-345772.84157163324,364.1346106896034,349.62646574132583,105082.1,False,1.0,2654307.2106834827,2974372.6687941803,-320065.45811069757,GICRE.BO,True,False,False
2024-06-13,390.8999938964844,390.1499938964844,47040,1.0026985036661484,2576948.544418298,2915786.1955322186,-338837.6511139204,366.0999943659856,351.4749953326057,106437.1,False,1.0,2654307.2106834827,2974372.6687941803,-320065.45811069757,GICRE.BO,True,False,False
2024-06-14,396.75,393.79998779296875,109716,1.0093553606397154,2601056.827401321,2915786.1955322186,-314729.36813089764,368.9230698805589,353.30734791475186,111211.9,False,1.0,2654307.2106834827,2974372.6687941803,-320065.45811069757,GICRE.BO,True,False,False
2024-06-18,393.79998779296875,387.5,88436,0.984002061990208,2559445.2815166083,2915786.1955322186,-356340.91401561024,371.4230698805589,354.66617180319395,112176.8,False,1.0,2654307.2106834827,2974372.6687941803,-320065.45811069757,GICRE.BO,True,False,False
2024-06-19,386.0,380.70001220703125,71726,0.9824516444052419,2514531.2255912293,2915786.1955322186,-401254.9699409893,373.3038400503305,355.47940781537227,106692.9,False,1.0,2654307.2106834827,2974372.6687941803,-320065.45811069757,GICRE.BO,True,False,False
2024-06-20,380.0,387.6000061035156,53196,1.0181244908727034,2560105.823838585,2915786.1955322186,-355680.3716936335,375.7307645357572,356.70882011862363,106940.5,False,1.0,2654307.2106834827,2974372.6687941803,-320065.45811069757,GICRE.BO,True,False,False
2024-06-21,395.75,406.04998779296875,259389,1.0476005712046499,2681968.3233976527,2915786.1955322186,-233817.87213456584,378.4923025277945,358.6147021125345,124434.4,True,1.0,2654307.2106834827,2974372.6687941803,-320065.45811069757,GICRE.BO,True,False,False
2024-06-24,408.1000061035156,396.79998779296875,65431,0.9772195535572427,2620871.8876453205,2915786.1955322186,-294914.30788689805,382.1846102201022,360.2955842859605,128206.6,False,1.0,2654307.2106834827,2974372.6687941803,-320065.45811069757,GICRE.BO,True,False,False
2024-06-25,396.79998779296875,390.1499938964844,37691,0.9832409422856282,2576948.544418298,2915786.1955322186,-338837.6511139204,385.6653794508714,362.01176093606387,93840.2,False,1.0,2654307.2106834827,2974372.6687941803,-320065.45811069757,GICRE.BO,True,False,False
2024-06-26,390.1499938964844,386.0,16293,0.9893630809652519,2549537.751394609,2915786.1955322186,-366248.44413760956,387.6230726975661,363.8117612950942,79793.9,False,1.0,2654307.2106834827,2974372.6687941803,-320065.45811069757,GICRE.BO,True,False,False
2024-06-27,386.0,377.54998779296875,228098,0.9781087766657222,2493725.251079657,2915786.1955322186,-422060.94445256144,388.6423034667969,365.36029052734375,97701.6,True,1.0,2654307.2106834827,2974372.6687941803,-320065.45811069757,GICRE.BO,True,False,False
2024-06-28,378.29998779296875,378.6000061035156,87504,1.0027811371857933,2500660.6431065868,2915786.1955322186,-415125.5524256318,388.530766413762,367.0382322423598,101748.0,False,1.0,2654307.2106834827,2974372.6687941803,-320065.45811069757,GICRE.BO,True,False,False
2024-07-01,380.3500061035156,383.3500061035156,58009,1.0125462227243105,2532034.488492919,2915786.1955322186,-383751.7070392994,388.2576904296875,368.8749973072725,96577.3,False,1.0,2654307.2106834827,2974372.6687941803,-320065.45811069757,GICRE.BO,True,False,False
2024-07-02,385.0,382.25,44156,0.9971305436650532,2524768.9260896095,2915786.1955322186,-391017.26944260905,387.73076688326324,370.61617413689106,92149.3,False,1.0,2654307.2106834827,2974372.6687941803,-320065.45811069757,GICRE.BO,True,False,False
2024-07-03,385.0,385.5,38905,1.0085022890778286,2546235.241353942,2915786.1955322186,-369550.9541782765,387.37307504507214,372.2588213752298,88867.2,False,1.0,2654307.2106834827,2974372.6687941803,-320065.45811069757,GICRE.BO,True,False,False
2024-07-04,386.0,385.79998779296875,35461,1.0007781784512808,2548216.6667506555,2915786.1955322186,-367569.52878156304,386.7576904296875,373.574997845818,87093.7,False,1.0,2654307.2106834827,2974372.6687941803,-320065.45811069757,GICRE.BO,True,False,False
2024-07-05,387.8999938964844,402.3500061035156,581503,1.0428979233649642,2657529.8700382495,2915786.1955322186,-258256.32549396902,387.8999985914964,375.4838211957146,119305.1,True,1.0,2654307.2106834827,2974372.6687941803,-320065.45811069757,GICRE.BO,True,False,False
2024-07-08,405.3999938964844,417.1499938964844,224378,1.0367838637217792,2755284.0866142944,2915786.1955322186,-160502.1089179241,390.70384333683893,377.66764472512637,135199.8,True,1.0367838637217792,2751942.885397,2974372.6687941803,-222429.7833971805,GICRE.BO,True,False,False
2024-07-09,421.04998779296875,416.8500061035156,128063,0.9992808634846986,2753302.6612175815,2915786.1955322186,-162483.53431463707,392.95384333683893,379.75588001924405,144237.0,False,1.0,2751942.885397,2974372.6687941803,-222429.7833971805,GICRE.BO,True,False,False
2024-07-10,416.95001220703125,411.25,112481,0.9865658965538674,2716314.508448272,2915786.1955322186,-199471.68708394654,393.35384427584137,380.69264490464155,153855.8,False,1.0,2751942.885397,2974372.6687941803,-222429.7833971805,GICRE.BO,True,False,False
2024-07-11,414.45001220703125,412.5,89880,1.0030395136778116,2724570.783549939,2915786.1955322186,-191215.41198227974,394.56153752253607,381.6132327809053,140034.0,False,1.0,2751942.885397,2974372.6687941803,-222429.7833971805,GICRE.BO,True,False,False
2024-07-12,416.0,402.20001220703125,145221,0.975030332623106,2656539.1573398933,2915786.1955322186,-259247.03819232527,395.48846200796277,382.58382101619947,145805.7,False,1.0,2751942.885397,2974372.6687941803,-222429.7833971805,GICRE.BO,True,False,False
2024-07-15,405.0,408.1499938964844,54747,1.0147935890324895,2695838.9058822957,2915786.1955322186,-219947.28964992287,397.1923076923077,383.8647030101103,145479.5,False,1.0,2751942.885397,2974372.6687941803,-222429.7833971805,GICRE.BO,True,False,False
2024-07-16,412.1000061035156,416.70001220703125,214992,1.0209482259914362,2752311.948519224,2915786.1955322186,-163474.24701299472,400.20384803185095,385.61764436609604,162563.1,True,1.0,2751942.885397,2974372.6687941803,-222429.7833971805,GICRE.BO,True,False,False
2024-07-18,418.8500061035156,406.8500061035156,88321,0.9763618770939181,2687252.4604042484,2915786.1955322186,-228533.7351279701,402.37692495492786,387.14264454561123,167504.7,False,1.0,2751942.885397,2974372.6687941803,-222429.7833971805,GICRE.BO,True,False,False
2024-07-19,406.04998779296875,384.95001220703125,246062,0.9461718236009752,2542602.560936895,2915786.1955322186,-373183.63459532335,402.500002347506,387.9867625517004,188564.8,True,1.0,2751942.885397,2974372.6687941803,-222429.7833971805,GICRE.BO,True,False,False
2024-07-22,381.1499938964844,391.79998779296875,114048,1.017794454783011,2587846.7872386547,2915786.1955322186,-327939.4082935639,403.234616793119,389.03823313993564,141819.3,False,1.0,2751942.885397,2974372.6687941803,-222429.7833971805,GICRE.BO,True,False,False
2024-07-23,388.04998779296875,375.54998779296875,213100,0.9585247562371373,2480515.21091699,2915786.1955322186,-435270.9846152286,402.469231238732,389.1970564898323,140691.5,True,1.0,2751942.885397,2974372.6687941803,-222429.7833971805,GICRE.BO,True,False,False
2024-07-24,375.54998779296875,376.5,58758,1.0025296558059136,2486790.060621943,2915786.1955322186,-428996.1349102757,401.75384756234973,390.0117627312155,133761.0,False,1.0,2751942.885397,2974372.6687941803,-222429.7833971805,GICRE.BO,True,False,False
2024-07-25,378.95001220703125,372.20001220703125,60269,0.98857904968667,2458388.554899897,2915786.1955322186,-457397.6406323216,399.4346172626202,390.81470444623164,128539.8,False,1.0,2751942.885397,2974372.6687941803,-222429.7833971805,GICRE.BO,True,False,False
2024-07-26,372.25,410.45001220703125,1254846,1.102767326022343,2711030.573010891,2915786.1955322186,-204755.62252132734,398.9192340557392,392.2823522231158,245036.4,True,1.0,2751942.885397,2974372.6687941803,-222429.7833971805,GICRE.BO,True,False,False
2024-07-29,414.45001220703125,403.1000061035156,135009,0.9820928106104958,2662483.635099249,2915786.1955322186,-253302.5604329696,397.8615417480469,393.42352923224956,244015.2,False,1.0,2751942.885397,2974372.6687941803,-222429.7833971805,GICRE.BO,True,False,False
2024-07-30,404.25,413.29998779296875,303831,1.0253038490077169,2729854.7189873178,2915786.1955322186,-185931.4765449008,398.01923311673676,394.4014704087201,268923.6,True,1.0,2751942.885397,2974372.6687941803,-222429.7833971805,GICRE.BO,True,False,False
2024-07-31,414.5,430.25,385420,1.0410114026316446,2841809.8899936015,2915786.1955322186,-73976.30553861707,399.3846177321214,395.6764705882353,285966.4,True,1.0410114026316446,2864803.923089306,2974372.6687941803,-109568.7457048744,GICRE.BO,True,False,False
2024-08-01,434.6499938964844,411.70001220703125,514002,0.9568855600395846,2719286.848112558,2915786.1955322186,-196499.34741966054,400.1153869628906,396.3411766501034,328534.5,True,0.9568855600395846,2741289.5063489093,2974372.6687941803,-233083.16244527092,GICRE.BO,True,False,False
2024-08-02,408.3500061035156,410.45001220703125,124554,0.9969638086885181,2711030.573010891,2915786.1955322186,-204755.62252132734,400.2923114483173,396.9382360121783,316383.7,False,1.0,2741289.5063489093,2974372.6687941803,-233083.16244527092,GICRE.BO,True,False,False
2024-08-05,382.04998779296875,386.0,255128,0.940431206042458,2549537.751394608,2915786.1955322186,-366248.4441376105,397.93077204777643,396.70882460650273,330491.7,False,1.0,2741289.5063489093,2974372.6687941803,-233083.16244527092,GICRE.BO,True,False,False
2024-08-06,390.0,376.0,172049,0.9740932642487047,2483487.5505812764,2915786.1955322186,-432298.64495094214,395.5576946551983,396.3705893123851,326386.6,False,1.0,2741289.5063489093,2974372.6687941803,-233083.16244527092,GICRE.BO,False,True,False
2024-08-07,390.0,390.1499938964844,63711,1.03763296249065,2576948.5444182977,2915786.1955322186,-338837.65111392085,395.9576932466947,396.6485299503102,326881.9,False,1.0,2741289.5063489093,2974372.6687941803,-233083.16244527092,GICRE.BO,False,True,False
2024-08-08,390.0,391.29998779296875,222402,1.002947568664552,2584544.277197988,2915786.1955322186,-331241.9183342308,395.91923170823316,396.75735294117646,343095.2,False,1.0,2741289.5063489093,2974372.6687941803,-233083.16244527092,GICRE.BO,False,True,False
2024-08-09,398.6499938964844,389.29998779296875,183395,0.9948888319386859,2571334.2370353215,2915786.1955322186,-344451.958496897,396.9769240159255,396.2647058823529,235950.1,False,1.0,2741289.5063489093,2974372.6687941803,-233083.16244527092,GICRE.BO,True,False,False
2024-08-12,397.0,396.8999938964844,83980,1.0195222356584233,2621532.4299672972,2915786.1955322186,-294253.7655649213,398.54615431565503,396.26764723833867,230847.2,False,1.0,2741289.5063489093,2974372.6687941803,-233083.16244527092,GICRE.BO,True,False,False
2024-08-13,400.20001220703125,388.29998779296875,56852,0.9783320578589916,2564729.216953988,2915786.1955322186,-351056.97857823037,399.78461397611176,396.2132352941176,206149.3,False,1.0,2741289.5063489093,2974372.6687941803,-233083.16244527092,GICRE.BO,True,False,False
2024-08-14,388.25,379.1499938964844,42654,0.9764357605353238,2504293.3235236327,2915786.1955322186,-411492.87200858584,397.3769202599159,396.0117645263672,171872.7,False,1.0,2741289.5063489093,2974372.6687941803,-233083.16244527092,GICRE.BO,True,False,False
2024-08-16,382.0,384.1000061035156,18452,1.013055551329859,2536988.2535539186,2915786.1955322186,-378797.9419783,395.9153817983774,396.20441212373623,122317.7,False,1.0,2741289.5063489093,2974372.6687941803,-233083.16244527092,GICRE.BO,False,True,False
2024-08-19,384.8500061035156,399.8999938964844,52409,1.0411350886277013,2641347.4902112964,2915786.1955322186,-274438.7053209222,394.8846130371094,396.83088235294116,115103.2,False,1.0,2741289.5063489093,2974372.6687941803,-233083.16244527092,GICRE.BO,False,True,False
2024-08-20,399.54998779296875,406.8500061035156,135949,1.017379375626673,2687252.4604042484,2915786.1955322186,-228533.7351279701,393.0846135066106,397.5220588235294,103185.3,False,1.0,2741289.5063489093,2974372.6687941803,-233083.16244527092,GICRE.BO,False,True,False
2024-08-21,409.75,411.54998779296875,115174,1.0115521239251433,2718295.9338449845,2915786.1955322186,-197490.26168723404,393.0730731670673,398.38382317038145,97497.8,False,1.0,2741289.5063489093,2974372.6687941803,-233083.16244527092,GICRE.BO,False,True,False
2024-08-22,414.95001220703125,406.75,40617,0.9883368049195924,2686591.9180822717,2915786.1955322186,-229194.27744994685,392.7884568434495,399.00882317038145,95188.4,False,1.0,2741289.5063489093,2974372.6687941803,-233083.16244527092,GICRE.BO,False,True,False
2024-08-23,415.0,407.29998779296875,43141,1.0013521519187922,2690224.598499318,2915786.1955322186,-225561.59703290043,394.42691744290863,399.6411761115579,77262.3,False,1.0,2741289.5063489093,2974372.6687941803,-233083.16244527092,GICRE.BO,False,True,False
2024-08-26,414.70001220703125,407.79998779296875,20402,1.0012275964031065,2693527.108539985,2915786.1955322186,-222259.08699223353,396.8730703500601,399.8014696906595,60963.0,False,1.0,2741289.5063489093,2974372.6687941803,-233083.16244527092,GICRE.BO,False,True,False
2024-08-28,416.1499938964844,416.6000061035156,51052,1.0215792510396406,2751651.4061972466,2915786.1955322186,-164134.78933497192,398.90768667367786,399.78529357910156,57670.2,False,1.0,2741289.5063489093,2974372.6687941803,-233083.16244527092,GICRE.BO,False,True,False
2024-08-29,416.70001220703125,404.79998779296875,61362,0.9716754245375243,2673712.0482959854,2915786.1955322186,-242074.1472362331,399.9461482121394,399.4308812758502,58121.2,True,1.0,2741289.5063489093,2974372.6687941803,-233083.16244527092,GICRE.BO,True,False,False
2024-08-30,405.20001220703125,408.3999938964844,57066,1.0088932959784496,2697490.160902628,2915786.1955322186,-218296.03462959034,401.4153794508714,399.34705756692324,59562.4,False,1.0,2741289.5063489093,2974372.6687941803,-233083.16244527092,GICRE.BO,True,False,False
2024-09-02,411.0,421.79998779296875,162350,1.032810955183023,2785997.38967865,2915786.1955322186,-129788.80585356848,403.3307635967548,399.6205866196576,73952.2,True,1.0,2741289.5063489093,2974372.6687941803,-233083.16244527092,GICRE.BO,True,False,False
2024-09-03,423.70001220703125,421.25,69982,0.9986960933881328,2782364.709261603,2915786.1955322186,-133421.48627061537,405.8653799203726,400.18088037827437,75709.5,False,1.0,2741289.5063489093,2974372.6687941803,-233083.16244527092,GICRE.BO,True,False,False
2024-09-04,398.6000061035156,398.0,262638,0.9448071216617211,2628797.9923706064,2915786.1955322186,-286988.20316161215,407.3153803898738,399.8823511460248,88378.4,True,1.0,2741289.5063489093,2974372.6687941803,-233083.16244527092,GICRE.BO,True,False,False
2024-09-05,397.79998779296875,397.6000061035156,165233,0.9989949902098383,2626156.0246519167,2915786.1955322186,-289630.17088030186,408.3538419283353,399.3205862606273,93384.3,True,0.9989949902098383,2738534.483557361,2974372.6687941803,-235838.1852368191,GICRE.BO,True,False,False
2024-09-06,396.95001220703125,383.75,228166,0.9651659811596941,2534676.4562116093,2915786.1955322186,-381109.73932060925,407.11153470552887,398.64117431640625,112139.2,True,0.9651659811596941,2643140.321762297,2974372.6687941803,-331232.34703188343,GICRE.BO,True,False,False
